randomInjection	equal	1000	100000	0	1	1	0	-1
____________________
679	100.0	6.79	70	147.27540500736376	679
randomInjection	equal	1000	100000	0	1	1	0	-1
____________________
679	100.0	6.79	70	147.27540500736376	679
randomInjection	equal	1000	100000	0	1	1	0.01	-1
____________________
830	100.0	8.3	69	120.48192771084338	830
randomInjection	equal	1000	100000	0	1	1	0.1	-1
____________________
randomInjection	equal	1000	100000	0	1	1	0	-1
____________________
randomInjection	equal	1000	100000	0	1	1	0	-1
____________________
randomInjection	equal	1000	100000	0	1	1	0	-1
____________________
randomInjection	equal	1000	100000	0	1	1	0	-1
____________________
679	100.0	6.79	70	147.27540500736376	679
randomInjection	equal	1000	100000	0	1	1	0.01	-1
____________________
randomInjection	equal	1000	100000	0	1	1	0.01	-1
____________________
randomInjection	equal	1000	100000	0	1	1	0.01	-1
____________________
122	100.0	1.22	70	819.672131147541	121
randomInjection	equal	1000	100000	0	1	1	0.1	-1
____________________
115	100.0	1.15	73	869.5652173913044	115
randomInjection	equal	1000	100000	0	1	1	0.25	-1
____________________
randomInjection	equal	1000	100000	0	1	1	0.01	-1
____________________
122	100.0	1.22	70	819.672131147541	121
randomInjection	equal	1000	100000	0	1	1	0.1	-1
____________________
115	100.0	1.15	73	869.5652173913044	115
randomInjection	equal	1000	100000	0	1	1	0.25	-1
____________________
117	100.0	1.17	68	854.7008547008547	116
randomInjection	equal	1000	100000	0	1	5	0.01	-1
____________________
randomInjection	equal	1000	100000	0	1	1	0.01	-1
____________________
122	100.0	1.22	70	819.672131147541	121
randomInjection	equal	1000	100000	0	1	1	0.1	-1
____________________
115	100.0	1.15	73	869.5652173913044	115
randomInjection	equal	1000	100000	0	1	1	0.25	-1
____________________
117	100.0	1.17	68	854.7008547008547	116
randomInjection	equal	1000	100000	0	1	5	0.01	-1
____________________
121	100.0	1.21	69	826.4462809917355	115
randomInjection	equal	1000	100000	0	1	5	0.1	-1
____________________
116	100.0	1.16	71	862.0689655172414	115
randomInjection	equal	1000	100000	0	1	5	0.25	-1
____________________
125	100.0	1.25	69	800.0	125
randomInjection	equal	1000	100000	0	1	10	0.01	-1
____________________
121	100.0	1.21	72	826.4462809917355	117
randomInjection	equal	1000	100000	0	1	10	0.1	-1
____________________
randomInjection	equal	1000	100000	0	1	1	0.01	-1
____________________
122	100.0	1.22	70	819.672131147541	121
randomInjection	equal	1000	100000	0	1	1	0.1	-1
____________________
115	100.0	1.15	73	869.5652173913044	115
randomInjection	equal	1000	100000	0	1	1	0.25	-1
____________________
117	100.0	1.17	68	854.7008547008547	116
randomInjection	equal	1000	100000	0	1	5	0.01	-1
____________________
121	100.0	1.21	69	826.4462809917355	115
randomInjection	equal	1000	100000	0	1	5	0.1	-1
____________________
116	100.0	1.16	71	862.0689655172414	115
randomInjection	equal	1000	100000	0	1	5	0.25	-1
____________________
randomInjection	equal	1000	100000	0	1	1	0	-1
____________________
124	100.0	1.24	70	806.4516129032259	118
randomInjection	equal	1000	100000	0	1	1	0.01	-1
____________________
123	100.0	1.23	70	813.0081300813008	119
randomInjection	equal	1000	100000	0	1	1	0.1	-1
____________________
118	100.0	1.18	68	847.457627118644	113
randomInjection	equal	1000	100000	0	1	1	0.25	-1
____________________
125	100.0	1.25	68	800.0	125
randomInjection	equal	1000	100000	0	1	5	0	-1
____________________
124	100.0	1.24	66	806.4516129032259	120
randomInjection	equal	1000	100000	0	1	5	0.01	-1
____________________
118	100.0	1.18	69	847.457627118644	114
randomInjection	equal	1000	100000	0	1	5	0.1	-1
____________________
123	100.0	1.23	67	813.0081300813008	117
randomInjection	equal	1000	100000	0	1	5	0.25	-1
____________________
121	100.0	1.21	68	826.4462809917355	121
randomInjection	equal	1000	100000	0	1	10	0	-1
____________________
126	100.0	1.26	65	793.6507936507936	122
randomInjection	equal	1000	100000	0	1	10	0.01	-1
____________________
122	100.0	1.22	75	819.672131147541	121
randomInjection	equal	1000	100000	0	1	10	0.1	-1
____________________
121	100.0	1.21	68	826.4462809917355	121
randomInjection	equal	1000	100000	0	1	10	0.25	-1
____________________
120	100.0	1.2	69	833.3333333333334	118
randomInjection	equal	1000	100000	0	1	50	0	-1
____________________
124	100.0	1.24	72	806.4516129032259	119
randomInjection	equal	1000	100000	0	1	50	0.01	-1
____________________
121	100.0	1.21	65	826.4462809917355	117
randomInjection	equal	1000	100000	0	1	50	0.1	-1
____________________
119	100.0	1.19	68	840.3361344537815	116
randomInjection	equal	1000	100000	0	1	50	0.25	-1
____________________
121	100.0	1.21	69	826.4462809917355	120
randomInjection	equal	1000	100000	0	5	1	0	-1
____________________
152	100.0	1.52	70	657.8947368421053	141
randomInjection	equal	1000	100000	0	5	1	0.01	-1
____________________
153	100.0	1.53	69	653.59477124183	139
randomInjection	equal	1000	100000	0	5	1	0.1	-1
____________________
156	100.0	1.56	67	641.025641025641	140
randomInjection	equal	1000	100000	0	5	1	0.25	-1
____________________
138	100.0	1.38	68	724.6376811594203	138
randomInjection	equal	1000	100000	0	5	5	0	-1
____________________
152	100.0	1.52	70	657.8947368421053	142
randomInjection	equal	1000	100000	0	5	5	0.01	-1
____________________
150	100.0	1.5	73	666.6666666666666	142
randomInjection	equal	1000	100000	0	5	5	0.1	-1
____________________
randomInjection	equal	1000	100000	0	1	1	0	-1
____________________
124	100.0	1.24	70	806.4516129032259	118
randomInjection	equal	1000	100000	0	1	1	0.01	-1
____________________
randomInjection	equal	1000	100000	0	1	1	0	-1
____________________
124	100.0	1.24	70	806.4516129032259	118
randomInjection	equal	1000	100000	0	1	1	0.01	-1
____________________
123	100.0	1.23	70	813.0081300813008	119
randomInjection	equal	1000	100000	0	1	1	0.1	-1
____________________
118	100.0	1.18	68	847.457627118644	113
randomInjection	equal	1000	100000	0	1	1	0.25	-1
____________________
125	100.0	1.25	68	800.0	125
randomInjection	equal	1000	100000	0	1	5	0	-1
____________________
124	100.0	1.24	66	806.4516129032259	120
randomInjection	equal	1000	100000	0	1	5	0.01	-1
____________________
118	100.0	1.18	69	847.457627118644	114
randomInjection	equal	1000	100000	0	1	5	0.1	-1
____________________
123	100.0	1.23	67	813.0081300813008	117
randomInjection	equal	1000	100000	0	1	5	0.25	-1
____________________
121	100.0	1.21	68	826.4462809917355	121
randomInjection	equal	1000	100000	0	1	10	0	-1
____________________
126	100.0	1.26	65	793.6507936507936	122
randomInjection	equal	1000	100000	0	1	10	0.01	-1
____________________
122	100.0	1.22	75	819.672131147541	121
randomInjection	equal	1000	100000	0	1	10	0.1	-1
____________________
121	100.0	1.21	68	826.4462809917355	121
randomInjection	equal	1000	100000	0	1	10	0.25	-1
____________________
120	100.0	1.2	69	833.3333333333334	118
randomInjection	equal	1000	100000	0	1	50	0	-1
____________________
