invite          equal           one              1000   100000 0.000000    5    5  0.00    5  12345     577.46  100.000   5.775     69.410    100.305     178.91   575.20
invite          equal           one              1000   100000 0.000000    5    5  0.00   10  12445     577.83  100.000   5.778     69.000    100.280     178.42   575.03
invite          equal           one              1000   100000 0.000000    5    5  0.10    5  12545     560.53  100.000   5.605     69.080    100.198     183.09   560.53
invite          equal           one              1000   100000 0.000000    5    5  0.10   10  12645     581.70  100.000   5.817     69.000    100.231     177.04   581.70
invite          equal           one              1000   100000 0.000000    5    5  0.25    5  12745     598.27  100.000   5.983     68.980    100.552     173.63   598.27
invite          equal           one              1000   100000 0.000000    5    5  0.25   10  12845     589.58  100.000   5.896     69.020    100.482     176.79   589.58
invite          equal           one              1000   100000 0.000000    5   10  0.00    5  12945     561.25  100.000   5.612     69.360    100.222     183.11   559.22
invite          equal           one              1000   100000 0.000000    5   10  0.00   10  13045     573.32  100.000   5.733     69.180    100.473     179.77   571.23
invite          equal           one              1000   100000 0.000000    5   10  0.10    5  13145     561.79  100.000   5.618     68.580    100.845     182.10   561.79
invite          equal           one              1000   100000 0.000000    5   10  0.10   10  13245     565.18  100.000   5.652     68.600    100.758     183.00   565.18
invite          equal           one              1000   100000 0.000000    5   10  0.25    5  13345     600.25  100.000   6.003     68.620    100.754     172.21   600.21
invite          equal           one              1000   100000 0.000000    5   10  0.25   10  13445     574.53  100.000   5.745     69.350    100.175     181.46   574.53
invite          equal           one              1000   100000 0.000100    5    5  0.00    5  13545     799.84  100.000   7.998     69.250    100.267     179.08   558.16
invite          equal           one              1000   100000 0.000100    5    5  0.00   10  13645    1158.41  100.000  11.584     68.840    100.854     169.35   583.87
