randomInjection equal           one              1000  1000000 0.000000    5    5  0.00   -1  12345    1167.02 1000.000   1.167    695.380    998.523     857.04  1121.72
randomInjection equal           one              1000  1000000 0.000000    5    5  0.10   -1  12445    1138.88 1000.000   1.139    692.310    997.831     878.23  1123.78
randomInjection equal           one              1000  1000000 0.000000    5    5  0.25   -1  12545    1164.23 1000.000   1.164    692.300    996.982     859.13  1152.17
randomInjection equal           one              1000  1000000 0.000000    5   10  0.00   -1  12645    1164.74 1000.000   1.165    692.910    997.894     858.70  1121.51
randomInjection equal           one              1000  1000000 0.000000    5   10  0.10   -1  12745    1121.31 1000.000   1.121    692.490   1001.378     891.94  1115.80
randomInjection equal           one              1000  1000000 0.000000    5   10  0.25   -1  12845    1160.35 1000.000   1.160    692.130   1000.379     861.96  1151.62
randomInjection equal           one              1000  1000000 0.000100    5    5  0.00   -1  12945    1170.45 1000.000   1.170    694.330    998.253     854.62  1125.75
randomInjection equal           one              1000  1000000 0.000100    5    5  0.10   -1  13045    1140.92 1000.000   1.141    694.550    999.896     876.66  1126.59
randomInjection equal           one              1000  1000000 0.000100    5    5  0.25   -1  13145    1163.72 1000.000   1.164    687.720   1004.032     859.57  1153.45
randomInjection equal           one              1000  1000000 0.000100    5   10  0.00   -1  13245    1168.72 1000.000   1.169    686.690   1002.944     855.90  1123.98
randomInjection equal           one              1000  1000000 0.000100    5   10  0.10   -1  13345    1124.23 1000.000   1.124    686.750   1003.411     889.70  1119.61
randomInjection equal           one              1000  1000000 0.000100    5   10  0.25   -1  13445    1161.99 1000.000   1.162    696.690    997.339     860.83  1151.90
randomInjection equal           one              1000  1000000 0.001000    5    5  0.00   -1  13545    1196.34 1000.000   1.196    693.170    998.219     836.24  1139.11
randomInjection equal           one              1000  1000000 0.001000    5    5  0.10   -1  13645    1161.67 1000.000   1.162    689.330   1004.122     861.19  1132.38
randomInjection equal           one              1000  1000000 0.001000    5    5  0.25   -1  13745    1177.09 1000.000   1.177    691.120    996.654     850.01  1163.39
randomInjection equal           one              1000  1000000 0.001000    5   10  0.00   -1  13845    1195.59 1000.000   1.196    691.890   1000.225     836.79  1138.42
randomInjection equal           one              1000  1000000 0.001000    5   10  0.10   -1  13945    1139.78 1000.000   1.140    691.140   1000.141     877.76  1121.41
randomInjection equal           one              1000  1000000 0.001000    5   10  0.25   -1  14045    1170.33 1000.000   1.170    696.250    993.510     854.74  1157.53
randomInjection equal           one              1000  1000000 0.010000    5    5  0.00   -1  14145    1230.76 1000.000   1.231    690.850   1000.276     812.77   559.00
randomInjection equal           one              1000  1000000 0.010000    5    5  0.10   -1  14245    1183.57 1000.000   1.184    689.130   1004.890     845.11   622.18
randomInjection equal           one              1000  1000000 0.010000    5    5  0.25   -1  14345    1189.66 1000.000   1.190    689.550   1001.602     840.88   613.36
randomInjection equal           one              1000  1000000 0.010000    5   10  0.00   -1  14445    1228.50 1000.000   1.228    693.770    999.364     814.32   567.87
