invite          equal           one              1000   100000 0.000000    5    5  0.00    5  12345
     530  100.000   5.300     70     97.351    188.679      529
     587  100.000   5.870     65    101.663    170.358      586
     517  100.000   5.170     69    101.384    193.424      515
     556  100.000   5.560     68    101.645    179.856      553
     766  100.000   7.660     68    101.332    130.548      763
     594  100.000   5.940     71     98.661    168.350      594
     675  100.000   6.750     68    104.457    148.148      671
     582  100.000   5.820     73     97.293    171.821      580
     596  100.000   5.960     67    101.565    167.785      593
     615  100.000   6.150     69     98.140    162.602      613
     521  100.000   5.210     67    101.821    191.939      517
     560  100.000   5.600     69    100.917    178.571      556
     394  100.000   3.940     74     96.056    253.807      391
     382  100.000   3.820     71     96.942    261.780      381
     713  100.000   7.130     71    100.077    140.252      710
     890  100.000   8.900     72    103.224    112.360      887
     443  100.000   4.430     68     96.154    225.734      439
     633  100.000   6.330     70     99.077    157.978      629
     507  100.000   5.070     69     97.712    197.239      504
     392  100.000   3.920     71     99.266    255.102      389
     562  100.000   5.620     73     96.397    177.936      562
     670  100.000   6.700     70    100.919    149.254      670
     673  100.000   6.730     72     97.408    148.588      672
     611  100.000   6.110     69    103.592    163.666      609
     699  100.000   6.990     67    103.002    143.062      698
     673  100.000   6.730     67    108.373    148.588      672
     563  100.000   5.630     68    100.648    177.620      559
     563  100.000   5.630     67    101.711    177.620      560
     670  100.000   6.700     71     98.321    149.254      669
     635  100.000   6.350     69     99.454    157.480      631
     587  100.000   5.870     70     99.475    170.358      583
     595  100.000   5.950     71     99.390    168.067      593
     478  100.000   4.780     71     96.155    209.205      475
     415  100.000   4.150     67    103.599    240.964      415
     548  100.000   5.480     68    100.345    182.482      545
     446  100.000   4.460     73     94.414    224.215      446
     569  100.000   5.690     69    102.643    175.747      569
     602  100.000   6.020     68    101.326    166.113      601
     548  100.000   5.480     68    100.663    182.482      544
     400  100.000   4.000     72     95.344    250.000      398
     642  100.000   6.420     67    100.419    155.763      639
     507  100.000   5.070     70    105.529    197.239      504
     461  100.000   4.610     70     97.506    216.920      458
     485  100.000   4.850     75     93.125    206.186      483
     885  100.000   8.850     69    100.127    112.994      883
     504  100.000   5.040     68    101.910    198.413      500
     516  100.000   5.160     69    100.932    193.798      514
     543  100.000   5.430     69     99.969    184.162      543
     541  100.000   5.410     70    103.834    184.843      540
     596  100.000   5.960     71    101.307    167.785      593
     616  100.000   6.160     69     98.258    162.338      614
     526  100.000   5.260     69    103.437    190.114      526
     535  100.000   5.350     69     94.768    186.916      530
     506  100.000   5.060     68    100.949    197.628      503
     487  100.000   4.870     72    101.005    205.339      484
     536  100.000   5.360     70    100.825    186.567      532
     564  100.000   5.640     66    104.516    177.305      563
     624  100.000   6.240     65    103.511    160.256      622
     618  100.000   6.180     69    104.761    161.812      616
     625  100.000   6.250     67    103.103    160.000      625
     739  100.000   7.390     67    103.659    135.318      739
     471  100.000   4.710     73    100.365    212.314      469
     613  100.000   6.130     68     99.088    163.132      611
     526  100.000   5.260     71    100.039    190.114      522
     672  100.000   6.720     71     99.680    148.810      668
     786  100.000   7.860     71     99.054    127.226      785
     580  100.000   5.800     71    103.982    172.414      578
     855  100.000   8.550     69    105.319    116.959      854
     485  100.000   4.850     69     94.663    206.186      485
     521  100.000   5.210     67    101.092    191.939      519
     699  100.000   6.990     71    100.686    143.062      696
     505  100.000   5.050     67    101.278    198.020      505
     463  100.000   4.630     70     97.195    215.983      460
     509  100.000   5.090     67     99.305    196.464      507
     501  100.000   5.010     63    103.561    199.601      497
     594  100.000   5.940     70    103.628    168.350      591
     633  100.000   6.330     70     98.643    157.978      629
     621  100.000   6.210     72     99.522    161.031      620
     811  100.000   8.110     72    103.629    123.305      811
     797  100.000   7.970     64    108.708    125.471      793
     573  100.000   5.730     72     97.178    174.520      571
     487  100.000   4.870     69     98.211    205.339      487
     488  100.000   4.880     68     95.851    204.918      486
     604  100.000   6.040     70     98.281    165.563      602
     380  100.000   3.800     71     95.382    263.158      376
     537  100.000   5.370     71    101.293    186.220      537
     589  100.000   5.890     69    103.998    169.779      582
     490  100.000   4.900     73     95.479    204.082      488
     403  100.000   4.030     70     95.290    248.139      400
     727  100.000   7.270     67    104.006    137.552      727
     568  100.000   5.680     69    104.887    176.056      567
     519  100.000   5.190     69     98.503    192.678      513
     490  100.000   4.900     70     98.298    204.082      488
     601  100.000   6.010     67    102.306    166.389      600
     495  100.000   4.950     69    101.065    202.020      489
     683  100.000   6.830     72     98.457    146.413      680
     666  100.000   6.660     68    102.718    150.150      664
     533  100.000   5.330     72     98.140    187.617      530
     527  100.000   5.270     68     99.853    189.753      526
     728  100.000   7.280     72    100.450    137.363      725
invite          equal           one              1000   100000 0.000000    5    5  0.00   10  12445
     875  100.000   8.750     67    103.484    114.286      875
     611  100.000   6.110     74     93.833    163.666      607
     718  100.000   7.180     66    103.443    139.276      714
     554  100.000   5.540     67    101.697    180.505      550
     611  100.000   6.110     67    101.636    163.666      603
     701  100.000   7.010     71     96.894    142.653      700
     894  100.000   8.940     68    101.484    111.857      892
     517  100.000   5.170     70     98.419    193.424      516
     581  100.000   5.810     69     95.459    172.117      578
     598  100.000   5.980     70    101.887    167.224      597
     500  100.000   5.000     71     99.351    200.000      498
     683  100.000   6.830     68    100.860    146.413      679
     656  100.000   6.560     70    103.494    152.439      652
     464  100.000   4.640     72     94.686    215.517      460
     469  100.000   4.690     72    100.735    213.220      469
     564  100.000   5.640     70     98.800    177.305      561
     579  100.000   5.790     68     96.990    172.712      577
     497  100.000   4.970     66    103.949    201.207      497
     546  100.000   5.460     69     97.376    183.150      544
     536  100.000   5.360     71     95.417    186.567      535
     508  100.000   5.080     72     98.177    196.850      503
     571  100.000   5.710     71     98.596    175.131      569
     724  100.000   7.240     71    100.346    138.122      723
     476  100.000   4.760     69     96.325    210.084      471
     661  100.000   6.610     67    100.249    151.286      658
     601  100.000   6.010     70    103.912    166.389      601
     510  100.000   5.100     70     99.490    196.078      506
     594  100.000   5.940     69     96.889    168.350      590
     477  100.000   4.770     71     93.441    209.644      465
     757  100.000   7.570     69    101.437    132.100      754
     653  100.000   6.530     67    101.584    153.139      650
     533  100.000   5.330     68    100.337    187.617      533
     462  100.000   4.620     70    100.635    216.450      462
     639  100.000   6.390     70    100.573    156.495      639
     653  100.000   6.530     65    103.564    153.139      653
     580  100.000   5.800     70    101.837    172.414      577
     554  100.000   5.540     71     97.645    180.505      553
     460  100.000   4.600     69    102.984    217.391      460
     462  100.000   4.620     70     98.587    216.450      458
     428  100.000   4.280     72     95.491    233.645      428
     582  100.000   5.820     68     99.677    171.821      581
     535  100.000   5.350     69     98.236    186.916      531
     620  100.000   6.200     70     99.009    161.290      616
     467  100.000   4.670     67    103.929    214.133      463
     548  100.000   5.480     65    105.177    182.482      545
     507  100.000   5.070     71     99.001    197.239      498
     476  100.000   4.760     70     98.611    210.084      473
     647  100.000   6.470     64    106.445    154.560      647
     566  100.000   5.660     70     97.231    176.678      561
     575  100.000   5.750     68    101.774    173.913      574
     534  100.000   5.340     68    102.391    187.266      531
     558  100.000   5.580     68     96.663    179.211      555
     619  100.000   6.190     73     98.511    161.551      617
     661  100.000   6.610     71    101.067    151.286      657
     596  100.000   5.960     67    100.110    167.785      594
     602  100.000   6.020     68    102.000    166.113      602
     608  100.000   6.080     69    103.915    164.474      604
     605  100.000   6.050     65    102.951    165.289      598
     621  100.000   6.210     68    104.481    161.031      617
     700  100.000   7.000     71    107.379    142.857      696
     536  100.000   5.360     67    101.263    186.567      532
     684  100.000   6.840     70    103.212    146.199      684
     654  100.000   6.540     70    101.065    152.905      643
     713  100.000   7.130     70     98.028    140.252      710
     519  100.000   5.190     70    103.067    192.678      519
     486  100.000   4.860     68     98.952    205.761      483
     542  100.000   5.420     71     98.681    184.502      539
     873  100.000   8.730     67    105.151    114.548      871
     581  100.000   5.810     66     98.566    172.117      577
     510  100.000   5.100     70    102.111    196.078      506
     413  100.000   4.130     70     96.885    242.131      407
     783  100.000   7.830     71     99.674    127.714      782
     455  100.000   4.550     66    100.908    219.780      453
     454  100.000   4.540     66    101.220    220.264      452
     460  100.000   4.600     68    103.398    217.391      458
     408  100.000   4.080     66     98.611    245.098      404
     588  100.000   5.880     67    107.482    170.068      579
     450  100.000   4.500     71     97.935    222.222      447
     672  100.000   6.720     67    101.320    148.810      669
     430  100.000   4.300     67    100.917    232.558      427
     520  100.000   5.200     66     99.230    192.308      516
     429  100.000   4.290     71     96.328    233.100      429
     645  100.000   6.450     71     98.863    155.039      644
     611  100.000   6.110     72    102.170    163.666      611
     578  100.000   5.780     70    100.591    173.010      575
     561  100.000   5.610     68    101.216    178.253      553
     680  100.000   6.800     71    102.563    147.059      679
     621  100.000   6.210     69    100.849    161.031      618
     533  100.000   5.330     67     97.740    187.617      533
     704  100.000   7.040     72     96.247    142.045      700
     516  100.000   5.160     67    100.162    193.798      513
     472  100.000   4.720     70     98.057    211.864      470
     415  100.000   4.150     70     95.077    240.964      415
     472  100.000   4.720     68     98.912    211.864      468
     567  100.000   5.670     73     97.036    176.367      567
     495  100.000   4.950     66    101.965    202.020      495
     483  100.000   4.830     71     98.182    207.039      479
     818  100.000   8.180     67    102.320    122.249      816
     797  100.000   7.970     67    108.130    125.471      794
     571  100.000   5.710     69    103.385    175.131      569
invite          equal           one              1000   100000 0.000000    5    5  0.10    5  12545
     537  100.000   5.370     71     98.606    186.220      537
     557  100.000   5.570     73     98.024    179.533      557
     813  100.000   8.130     68    103.889    123.001      813
     448  100.000   4.480     77     93.950    223.214      448
     437  100.000   4.370     71     96.725    228.833      437
     487  100.000   4.870     65    103.419    205.339      487
     494  100.000   4.940     73     97.528    202.429      494
     603  100.000   6.030     69     99.073    165.837      603
     659  100.000   6.590     67    103.672    151.745      659
     590  100.000   5.900     67    101.857    169.492      590
     529  100.000   5.290     68    102.225    189.036      529
     636  100.000   6.360     71    100.841    157.233      636
     624  100.000   6.240     70    100.574    160.256      624
     542  100.000   5.420     67    102.649    184.502      542
     480  100.000   4.800     67     98.234    208.333      480
     580  100.000   5.800     70     98.943    172.414      580
     509  100.000   5.090     72     99.247    196.464      509
     598  100.000   5.980     73     95.939    167.224      598
     720  100.000   7.200     66    103.175    138.889      720
     631  100.000   6.310     70     98.768    158.479      631
     589  100.000   5.890     68    101.224    169.779      589
     540  100.000   5.400     68     96.878    185.185      540
     604  100.000   6.040     66    103.273    165.563      604
     540  100.000   5.400     65    101.568    185.185      540
     498  100.000   4.980     68    100.240    200.803      498
     556  100.000   5.560     69     97.033    179.856      556
     595  100.000   5.950     68    104.513    168.067      595
     719  100.000   7.190     67    104.488    139.082      719
     592  100.000   5.920     65    103.379    168.919      592
     793  100.000   7.930     71     97.618    126.103      793
     637  100.000   6.370     67    106.717    156.986      637
     598  100.000   5.980     68    101.552    167.224      598
     575  100.000   5.750     67    104.990    173.913      575
     445  100.000   4.450     68    101.643    224.719      445
     477  100.000   4.770     65    101.662    209.644      477
     568  100.000   5.680     68    103.468    176.056      568
     489  100.000   4.890     71     97.607    204.499      489
     558  100.000   5.580     71     99.472    179.211      558
     583  100.000   5.830     68    101.673    171.527      583
     487  100.000   4.870     72     95.705    205.339      487
     684  100.000   6.840     70     99.765    146.199      684
     641  100.000   6.410     69    104.259    156.006      641
     487  100.000   4.870     71     99.585    205.339      487
     510  100.000   5.100     70    102.470    196.078      510
     606  100.000   6.060     70     97.465    165.017      606
     511  100.000   5.110     68     99.927    195.695      511
     598  100.000   5.980     69    100.883    167.224      598
     608  100.000   6.080     65    106.312    164.474      608
     428  100.000   4.280     70     98.132    233.645      428
     559  100.000   5.590     68    101.986    178.891      559
     558  100.000   5.580     70     99.299    179.211      558
     459  100.000   4.590     71     99.316    217.865      459
     728  100.000   7.280     69     99.016    137.363      728
     530  100.000   5.300     66    105.633    188.679      530
     474  100.000   4.740     69    103.385    210.970      474
     704  100.000   7.040     69    101.197    142.045      704
     778  100.000   7.780     67    104.421    128.535      778
     384  100.000   3.840     75     91.844    260.417      384
     465  100.000   4.650     68     99.184    215.054      465
     573  100.000   5.730     71    100.352    174.520      573
     482  100.000   4.820     66    103.209    207.469      482
     441  100.000   4.410     67    101.669    226.757      441
     587  100.000   5.870     72     93.946    170.358      587
     478  100.000   4.780     67     99.508    209.205      478
     604  100.000   6.040     66    101.899    165.563      604
     620  100.000   6.200     72    100.623    161.290      620
     580  100.000   5.800     73    100.866    172.414      580
     480  100.000   4.800     72     94.368    208.333      480
     753  100.000   7.530     62    103.200    132.802      753
     534  100.000   5.340     73     99.937    187.266      534
     626  100.000   6.260     68     99.740    159.744      626
     536  100.000   5.360     69     98.747    186.567      536
     576  100.000   5.760     71     99.761    173.611      576
     429  100.000   4.290     71     97.081    233.100      429
     520  100.000   5.200     71     98.829    192.308      520
     706  100.000   7.060     71    103.902    141.643      706
     613  100.000   6.130     71    102.574    163.132      613
     502  100.000   5.020     70     98.062    199.203      502
     575  100.000   5.750     71     95.807    173.913      575
     471  100.000   4.710     69     98.936    212.314      471
     752  100.000   7.520     71     98.779    132.979      752
     641  100.000   6.410     69     99.226    156.006      641
     504  100.000   5.040     71     98.625    198.413      504
     496  100.000   4.960     69     99.789    201.613      496
     516  100.000   5.160     69     99.217    193.798      516
     500  100.000   5.000     68    100.940    200.000      500
     616  100.000   6.160     69    102.649    162.338      616
     420  100.000   4.200     68    103.689    238.095      420
     541  100.000   5.410     66    102.294    184.843      541
     486  100.000   4.860     67    101.078    205.761      486
     506  100.000   5.060     70     99.621    197.628      506
     383  100.000   3.830     69     97.425    261.097      383
     631  100.000   6.310     68     98.927    158.479      631
     611  100.000   6.110     71     99.157    163.666      611
     737  100.000   7.370     67    104.093    135.685      737
     440  100.000   4.400     67     95.686    227.273      440
     431  100.000   4.310     67     97.646    232.019      431
     457  100.000   4.570     66    100.050    218.818      457
     528  100.000   5.280     73     94.690    189.394      528
     542  100.000   5.420     71     97.104    184.502      542
invite          equal           one              1000   100000 0.000000    5    5  0.10   10  12645
     577  100.000   5.770     71     98.462    173.310      577
     741  100.000   7.410     69     98.269    134.953      741
     525  100.000   5.250     69     97.340    190.476      525
     648  100.000   6.480     70     95.820    154.321      648
     476  100.000   4.760     72     98.072    210.084      476
     415  100.000   4.150     70     96.321    240.964      415
     558  100.000   5.580     69    102.062    179.211      558
     616  100.000   6.160     71     99.130    162.338      616
     474  100.000   4.740     68     98.913    210.970      474
     673  100.000   6.730     70    102.329    148.588      673
     573  100.000   5.730     70    103.318    174.520      573
     717  100.000   7.170     69    100.013    139.470      717
     644  100.000   6.440     69    102.054    155.280      644
     540  100.000   5.400     70     97.124    185.185      540
     622  100.000   6.220     72     94.946    160.772      622
     692  100.000   6.920     68    100.832    144.509      692
     478  100.000   4.780     66    101.829    209.205      478
     886  100.000   8.860     67    104.188    112.867      886
     503  100.000   5.030     68     99.801    198.807      503
     632  100.000   6.320     69    101.977    158.228      632
     501  100.000   5.010     72     97.164    199.601      501
     586  100.000   5.860     70     97.970    170.648      586
     543  100.000   5.430     67     98.624    184.162      543
     547  100.000   5.470     69    100.388    182.815      547
     555  100.000   5.550     67    102.291    180.180      555
     602  100.000   6.020     70    100.329    166.113      602
     476  100.000   4.760     70    103.809    210.084      476
     563  100.000   5.630     72     99.847    177.620      563
     683  100.000   6.830     67     98.228    146.413      683
     572  100.000   5.720     69    100.992    174.825      572
     645  100.000   6.450     68    103.043    155.039      645
     629  100.000   6.290     67    105.697    158.983      629
     731  100.000   7.310     64    109.411    136.799      731
     657  100.000   6.570     68    100.790    152.207      657
     476  100.000   4.760     67    101.421    210.084      476
     482  100.000   4.820     68     97.017    207.469      482
     705  100.000   7.050     65    109.668    141.844      705
     553  100.000   5.530     71     99.657    180.832      553
     528  100.000   5.280     68    101.857    189.394      528
     590  100.000   5.900     69     97.832    169.492      590
     631  100.000   6.310     73    100.479    158.479      631
     528  100.000   5.280     68    103.118    189.394      528
     591  100.000   5.910     69     98.239    169.205      591
     451  100.000   4.510     68    100.062    221.729      451
     649  100.000   6.490     70     97.071    154.083      649
     501  100.000   5.010     70     98.531    199.601      501
     466  100.000   4.660     65    100.285    214.592      466
     561  100.000   5.610     71     98.315    178.253      561
     578  100.000   5.780     68     97.451    173.010      578
     562  100.000   5.620     73     94.634    177.936      562
     749  100.000   7.490     73    102.862    133.511      749
     602  100.000   6.020     65    105.215    166.113      602
     522  100.000   5.220     70    100.790    191.571      522
     471  100.000   4.710     67    102.080    212.314      471
     577  100.000   5.770     70    101.898    173.310      577
     465  100.000   4.650     70    100.897    215.054      465
     518  100.000   5.180     70     95.804    193.050      518
     810  100.000   8.100     66    104.277    123.457      810
     460  100.000   4.600     74     99.617    217.391      460
     584  100.000   5.840     70    101.693    171.233      584
     472  100.000   4.720     66    102.784    211.864      472
     541  100.000   5.410     68    103.138    184.843      541
     538  100.000   5.380     73     95.496    185.874      538
     410  100.000   4.100     71     95.977    243.902      410
     498  100.000   4.980     73     97.619    200.803      498
     505  100.000   5.050     71     98.233    198.020      505
     828  100.000   8.280     67    102.021    120.773      828
     595  100.000   5.950     68    104.424    168.067      595
     562  100.000   5.620     70     97.624    177.936      562
     626  100.000   6.260     72     98.722    159.744      626
     559  100.000   5.590     73     98.743    178.891      559
     617  100.000   6.170     71     97.149    162.075      617
     433  100.000   4.330     66     98.941    230.947      433
     452  100.000   4.520     67     99.410    221.239      452
     624  100.000   6.240     68     97.390    160.256      624
     542  100.000   5.420     69     97.836    184.502      542
     775  100.000   7.750     65    115.200    129.032      775
     606  100.000   6.060     65    108.618    165.017      606
     486  100.000   4.860     71     92.084    205.761      486
     451  100.000   4.510     72     93.036    221.729      451
     800  100.000   8.000     66     98.760    125.000      800
     663  100.000   6.630     66    105.354    150.830      663
     438  100.000   4.380     65     99.614    228.311      438
     648  100.000   6.480     67    101.920    154.321      648
     727  100.000   7.270     66    103.183    137.552      727
     519  100.000   5.190     71     91.075    192.678      519
     649  100.000   6.490     66    104.759    154.083      649
     586  100.000   5.860     68     99.959    170.648      586
     543  100.000   5.430     68    102.978    184.162      543
     463  100.000   4.630     68    100.258    215.983      463
     745  100.000   7.450     69    102.991    134.228      745
     505  100.000   5.050     69     98.524    198.020      505
     594  100.000   5.940     72    101.800    168.350      594
     702  100.000   7.020     75     94.573    142.450      702
     752  100.000   7.520     71    102.207    132.979      752
     437  100.000   4.370     67     98.954    228.833      437
     553  100.000   5.530     65    103.946    180.832      553
     420  100.000   4.200     71     95.110    238.095      420
     666  100.000   6.660     69     99.947    150.150      666
     750  100.000   7.500     70    100.635    133.333      750
invite          equal           one              1000   100000 0.000000    5    5  0.25    5  12745
     461  100.000   4.610     69     98.588    216.920      461
     866  100.000   8.660     74    101.684    115.473      866
     432  100.000   4.320     71     95.073    231.481      432
     619  100.000   6.190     64    107.366    161.551      619
     546  100.000   5.460     69     99.947    183.150      546
     672  100.000   6.720     68    104.466    148.810      672
     778  100.000   7.780     69    106.490    128.535      778
     630  100.000   6.300     66    103.819    158.730      630
     539  100.000   5.390     67     99.118    185.529      539
     513  100.000   5.130     69    100.300    194.932      513
     458  100.000   4.580     70     99.753    218.341      458
     557  100.000   5.570     67    102.212    179.533      557
     553  100.000   5.530     68    101.225    180.832      553
     532  100.000   5.320     66    104.653    187.970      532
     456  100.000   4.560     69    100.206    219.298      456
     589  100.000   5.890     67    101.578    169.779      589
     520  100.000   5.200     69    100.648    192.308      520
     818  100.000   8.180     69    104.428    122.249      818
     945  100.000   9.450     72     97.475    105.820      945
     552  100.000   5.520     68    100.510    181.159      552
     525  100.000   5.250     71     99.424    190.476      525
     442  100.000   4.420     67    100.293    226.244      442
     678  100.000   6.780     71     96.895    147.493      678
     717  100.000   7.170     66    104.069    139.470      717
     515  100.000   5.150     69    100.096    194.175      515
     686  100.000   6.860     69    100.937    145.773      686
     486  100.000   4.860     70     97.867    205.761      486
     651  100.000   6.510     69    100.484    153.610      651
     472  100.000   4.720     66     98.837    211.864      472
     578  100.000   5.780     68    103.453    173.010      578
     464  100.000   4.640     68    101.135    215.517      464
     524  100.000   5.240     70    103.276    190.840      524
     701  100.000   7.010     71     97.030    142.653      701
     518  100.000   5.180     71     99.171    193.050      518
     622  100.000   6.220     71     99.730    160.772      622
     652  100.000   6.520     69    101.311    153.374      652
     531  100.000   5.310     70     97.554    188.324      531
     487  100.000   4.870     69    100.416    205.339      487
     440  100.000   4.400     67    101.102    227.273      440
     475  100.000   4.750     72    102.131    210.526      475
     475  100.000   4.750     73     96.705    210.526      475
     558  100.000   5.580     69     96.488    179.211      558
     571  100.000   5.710     68    102.577    175.131      571
     668  100.000   6.680     66     98.848    149.701      668
     630  100.000   6.300     63    103.083    158.730      630
     559  100.000   5.590     70     97.772    178.891      559
     895  100.000   8.950     69     99.463    111.732      895
     541  100.000   5.410     72     96.131    184.843      541
     446  100.000   4.460     69    102.123    224.215      446
     526  100.000   5.260     68    101.491    190.114      526
     633  100.000   6.330     63     99.253    157.978      633
     532  100.000   5.320     67    100.725    187.970      532
     796  100.000   7.960     69    101.232    125.628      796
     522  100.000   5.220     72     98.725    191.571      522
     565  100.000   5.650     68    100.434    176.991      565
     654  100.000   6.540     67    101.207    152.905      654
     557  100.000   5.570     67     98.934    179.533      557
    1009  100.000  10.090     65    109.920     99.108     1009
     604  100.000   6.040     70    101.812    165.563      604
     904  100.000   9.040     69     97.405    110.619      904
     696  100.000   6.960     63    104.720    143.678      696
     596  100.000   5.960     68    102.405    167.785      596
     663  100.000   6.630     71     99.980    150.830      663
     503  100.000   5.030     71     96.768    198.807      503
     512  100.000   5.120     68    102.266    195.312      512
     601  100.000   6.010     68     99.518    166.389      601
     469  100.000   4.690     65    100.276    213.220      469
     471  100.000   4.710     70     96.119    212.314      471
     752  100.000   7.520     70    100.630    132.979      752
     644  100.000   6.440     68    100.355    155.280      644
     505  100.000   5.050     73    101.255    198.020      505
     675  100.000   6.750     72     97.174    148.148      675
     560  100.000   5.600     71    100.915    178.571      560
     823  100.000   8.230     69    116.670    121.507      823
     760  100.000   7.600     69    104.022    131.579      760
     584  100.000   5.840     65    101.966    171.233      584
     573  100.000   5.730     71     95.153    174.520      573
     457  100.000   4.570     73     96.695    218.818      457
     550  100.000   5.500     71     96.617    181.818      550
     519  100.000   5.190     73     95.155    192.678      519
     626  100.000   6.260     72     98.488    159.744      626
     476  100.000   4.760     72     98.933    210.084      476
     552  100.000   5.520     65    100.197    181.159      552
     751  100.000   7.510     70    102.230    133.156      751
     841  100.000   8.410     66    103.765    118.906      841
     654  100.000   6.540     67    101.040    152.905      654
     636  100.000   6.360     71     99.355    157.233      636
     520  100.000   5.200     70     99.755    192.308      520
     420  100.000   4.200     72     96.243    238.095      420
     464  100.000   4.640     69    101.877    215.517      464
     458  100.000   4.580     69    101.712    218.341      458
     605  100.000   6.050     68    102.275    165.289      605
     434  100.000   4.340     71     98.751    230.415      434
     595  100.000   5.950     70     98.609    168.067      595
     746  100.000   7.460     65    106.166    134.048      746
     770  100.000   7.700     71     96.115    129.870      770
     609  100.000   6.090     71    100.356    164.204      609
     672  100.000   6.720     71     99.998    148.810      672
     612  100.000   6.120     73    100.077    163.399      612
     628  100.000   6.280     67    101.478    159.236      628
invite          equal           one              1000   100000 0.000000    5    5  0.25   10  12845
     573  100.000   5.730     67    102.564    174.520      573
     514  100.000   5.140     72    101.587    194.553      514
     500  100.000   5.000     69     98.629    200.000      500
     442  100.000   4.420     68    102.179    226.244      442
     481  100.000   4.810     68     97.934    207.900      481
     506  100.000   5.060     73     98.759    197.628      506
     519  100.000   5.190     65    101.843    192.678      519
    1308  100.000  13.080     70    105.717     76.453     1308
     637  100.000   6.370     71     94.841    156.986      637
     682  100.000   6.820     65    101.976    146.628      682
     959  100.000   9.590     71    106.943    104.275      959
     590  100.000   5.900     67    105.747    169.492      590
     670  100.000   6.700     73     99.626    149.254      670
     617  100.000   6.170     69    104.325    162.075      617
     662  100.000   6.620     67    103.455    151.057      662
     518  100.000   5.180     68     99.978    193.050      518
     450  100.000   4.500     68     98.331    222.222      450
     733  100.000   7.330     68    100.237    136.426      733
     370  100.000   3.700     74     94.701    270.270      370
     492  100.000   4.920     65    103.867    203.252      492
     768  100.000   7.680     69     99.674    130.208      768
     506  100.000   5.060     71     98.013    197.628      506
     514  100.000   5.140     71    102.534    194.553      514
     461  100.000   4.610     67    101.385    216.920      461
     500  100.000   5.000     74     95.929    200.000      500
     765  100.000   7.650     68    100.295    130.719      765
     556  100.000   5.560     68     98.662    179.856      556
     542  100.000   5.420     71     95.720    184.502      542
     866  100.000   8.660     69    103.160    115.473      866
     542  100.000   5.420     73     97.117    184.502      542
     528  100.000   5.280     70    101.236    189.394      528
     398  100.000   3.980     71     98.972    251.256      398
     519  100.000   5.190     69    100.478    192.678      519
     467  100.000   4.670     70    101.514    214.133      467
     528  100.000   5.280     68     97.099    189.394      528
     486  100.000   4.860     65     98.968    205.761      486
     412  100.000   4.120     70     96.263    242.718      412
     550  100.000   5.500     69    101.506    181.818      550
     570  100.000   5.700     69    102.310    175.439      570
     704  100.000   7.040     67     99.110    142.045      704
     527  100.000   5.270     68    102.049    189.753      527
     506  100.000   5.060     70     98.561    197.628      506
     781  100.000   7.810     69    103.116    128.041      781
     596  100.000   5.960     68    101.683    167.785      596
     546  100.000   5.460     67    101.075    183.150      546
     513  100.000   5.130     69    100.091    194.932      513
     506  100.000   5.060     67    101.131    197.628      506
     557  100.000   5.570     67    104.859    179.533      557
     513  100.000   5.130     66    100.277    194.932      513
     714  100.000   7.140     68    101.094    140.056      714
     760  100.000   7.600     68    100.057    131.579      760
     585  100.000   5.850     68    107.010    170.940      585
     495  100.000   4.950     69     97.696    202.020      495
     539  100.000   5.390     69     99.435    185.529      539
     500  100.000   5.000     73     98.006    200.000      500
     532  100.000   5.320     70     99.045    187.970      532
     494  100.000   4.940     65    102.262    202.429      494
     526  100.000   5.260     70    100.162    190.114      526
     624  100.000   6.240     66    104.281    160.256      624
     608  100.000   6.080     69     97.377    164.474      608
     481  100.000   4.810     67    102.920    207.900      481
     957  100.000   9.570     66    104.544    104.493      957
     557  100.000   5.570     72     93.153    179.533      557
     435  100.000   4.350     69     99.113    229.885      435
     625  100.000   6.250     67    100.454    160.000      625
     442  100.000   4.420     68     98.125    226.244      442
     702  100.000   7.020     68     99.316    142.450      702
     545  100.000   5.450     69     98.008    183.486      545
     559  100.000   5.590     68     99.703    178.891      559
     803  100.000   8.030     72     99.817    124.533      803
     843  100.000   8.430     69    102.562    118.624      843
     763  100.000   7.630     67    106.994    131.062      763
     534  100.000   5.340     65    105.018    187.266      534
     574  100.000   5.740     72     94.058    174.216      574
     668  100.000   6.680     65    104.290    149.701      668
     613  100.000   6.130     70     95.555    163.132      613
     889  100.000   8.890     75     98.735    112.486      889
     712  100.000   7.120     67    103.089    140.449      712
     520  100.000   5.200     67     98.739    192.308      520
     613  100.000   6.130     67    102.990    163.132      613
     504  100.000   5.040     71     98.867    198.413      504
     606  100.000   6.060     73     98.514    165.017      606
     553  100.000   5.530     69     99.420    180.832      553
     542  100.000   5.420     71    100.915    184.502      542
     585  100.000   5.850     69    104.362    170.940      585
     506  100.000   5.060     73     96.922    197.628      506
     533  100.000   5.330     73     96.770    187.617      533
     781  100.000   7.810     69     98.045    128.041      781
     534  100.000   5.340     69     98.632    187.266      534
     573  100.000   5.730     67    104.660    174.520      573
     548  100.000   5.480     70     98.196    182.482      548
     625  100.000   6.250     68     98.701    160.000      625
     521  100.000   5.210     72     97.228    191.939      521
     586  100.000   5.860     71    100.328    170.648      586
     426  100.000   4.260     72    101.021    234.742      426
     591  100.000   5.910     66    105.173    169.205      591
     565  100.000   5.650     70    105.780    176.991      565
     552  100.000   5.520     69    103.109    181.159      552
     617  100.000   6.170     72     98.840    162.075      617
     548  100.000   5.480     65    103.069    182.482      548
invite          equal           one              1000   100000 0.000000    5   10  0.00    5  12945
     687  100.000   6.870     69     98.019    145.560      686
     499  100.000   4.990     68    100.258    200.401      495
     688  100.000   6.880     67    104.149    145.349      686
     482  100.000   4.820     70     96.989    207.469      482
     463  100.000   4.630     71     97.093    215.983      461
     782  100.000   7.820     73    103.054    127.877      782
     412  100.000   4.120     73     93.373    242.718      410
     500  100.000   5.000     68    101.655    200.000      499
     639  100.000   6.390     70     99.254    156.495      637
     512  100.000   5.120     68    100.637    195.312      508
     518  100.000   5.180     72     97.520    193.050      515
     901  100.000   9.010     69    103.787    110.988      897
     491  100.000   4.910     71     97.145    203.666      491
     524  100.000   5.240     70    100.275    190.840      523
     551  100.000   5.510     68    105.612    181.488      550
     776  100.000   7.760     67    104.876    128.866      776
     539  100.000   5.390     66    102.596    185.529      535
     628  100.000   6.280     66    106.374    159.236      628
     567  100.000   5.670     67    104.779    176.367      563
     610  100.000   6.100     69    100.251    163.934      606
     467  100.000   4.670     69     99.335    214.133      463
     572  100.000   5.720     69    101.244    174.825      571
     581  100.000   5.810     68    105.925    172.117      578
     422  100.000   4.220     67    100.101    236.967      419
     429  100.000   4.290     69     98.564    233.100      426
     610  100.000   6.100     74     99.420    163.934      610
     518  100.000   5.180     69     99.572    193.050      515
     464  100.000   4.640     67     98.656    215.517      462
     374  100.000   3.740     69     98.801    267.380      373
     551  100.000   5.510     71     99.184    181.488      551
     617  100.000   6.170     65    106.242    162.075      614
     703  100.000   7.030     70     99.704    142.248      701
     544  100.000   5.440     68    102.871    183.824      544
     558  100.000   5.580     65    105.473    179.211      556
     519  100.000   5.190     68     98.578    192.678      518
     628  100.000   6.280     70     94.927    159.236      622
     425  100.000   4.250     73     95.250    235.294      424
     526  100.000   5.260     66    107.160    190.114      525
     571  100.000   5.710     71    100.592    175.131      569
     714  100.000   7.140     67    103.495    140.056      714
     463  100.000   4.630     71     97.481    215.983      460
     520  100.000   5.200     68    101.569    192.308      518
     667  100.000   6.670     71     99.001    149.925      665
     645  100.000   6.450     74     95.571    155.039      639
     484  100.000   4.840     71     97.154    206.612      480
     548  100.000   5.480     67    107.855    182.482      548
     464  100.000   4.640     69     95.734    215.517      464
     770  100.000   7.700     67    104.240    129.870      769
     469  100.000   4.690     69     97.337    213.220      466
     430  100.000   4.300     68    100.076    232.558      429
     654  100.000   6.540     65    105.708    152.905      654
     479  100.000   4.790     67    101.575    208.768      479
     609  100.000   6.090     69     99.627    164.204      608
     546  100.000   5.460     70    102.306    183.150      542
     647  100.000   6.470     68    101.720    154.560      646
     577  100.000   5.770     69     99.579    173.310      573
     577  100.000   5.770     69    101.307    173.310      573
     573  100.000   5.730     65    105.323    174.520      573
     403  100.000   4.030     69     97.879    248.139      402
     571  100.000   5.710     71     98.838    175.131      566
     637  100.000   6.370     67    104.052    156.986      637
     603  100.000   6.030     70    101.060    165.837      600
     482  100.000   4.820     71     98.541    207.469      477
     480  100.000   4.800     69     98.359    208.333      480
     460  100.000   4.600     70     98.133    217.391      457
     512  100.000   5.120     70     97.255    195.312      511
     559  100.000   5.590     73    100.484    178.891      555
     491  100.000   4.910     71     95.994    203.666      488
     537  100.000   5.370     70     98.745    186.220      533
     629  100.000   6.290     70    103.584    158.983      626
     562  100.000   5.620     69    100.933    177.936      559
     436  100.000   4.360     68    103.200    229.358      436
     522  100.000   5.220     71     96.754    191.571      522
     512  100.000   5.120     69    100.053    195.312      512
     591  100.000   5.910     73     96.046    169.205      587
     558  100.000   5.580     67    100.035    179.211      557
     618  100.000   6.180     68     98.550    161.812      614
     606  100.000   6.060     70    101.545    165.017      605
     458  100.000   4.580     70     95.706    218.341      457
     461  100.000   4.610     72     94.949    216.920      458
     493  100.000   4.930     72     98.447    202.840      493
     565  100.000   5.650     73     96.306    176.991      561
     609  100.000   6.090     67    102.660    164.204      606
     475  100.000   4.750     69    101.883    210.526      471
     511  100.000   5.110     71     95.946    195.695      509
     632  100.000   6.320     67    102.554    158.228      632
     501  100.000   5.010     70     99.566    199.601      499
     516  100.000   5.160     71     95.909    193.798      514
     527  100.000   5.270     69    101.622    189.753      524
     616  100.000   6.160     70     99.522    162.338      614
     619  100.000   6.190     74     97.228    161.551      616
     917  100.000   9.170     70    101.738    109.051      916
     544  100.000   5.440     65    103.582    183.824      539
     497  100.000   4.970     71     97.801    201.207      495
     700  100.000   7.000     72    102.077    142.857      698
     666  100.000   6.660     70     98.264    150.150      664
     647  100.000   6.470     70    102.371    154.560      644
     610  100.000   6.100     71    100.406    163.934      610
     570  100.000   5.700     73     97.865    175.439      569
     538  100.000   5.380     69     99.841    185.874      538
invite          equal           one              1000   100000 0.000000    5   10  0.00   10  13045
     650  100.000   6.500     67    104.381    153.846      648
     489  100.000   4.890     73     97.571    204.499      484
    1097  100.000  10.970     75     96.940     91.158     1095
     549  100.000   5.490     67    103.632    182.149      545
     558  100.000   5.580     71     98.501    179.211      557
     651  100.000   6.510     67    104.555    153.610      649
     546  100.000   5.460     69    104.884    183.150      542
     494  100.000   4.940     72    100.334    202.429      491
     513  100.000   5.130     73     97.510    194.932      512
     535  100.000   5.350     70     97.731    186.916      533
     532  100.000   5.320     70     97.551    187.970      532
     598  100.000   5.980     72     92.706    167.224      596
     500  100.000   5.000     70     97.494    200.000      498
     468  100.000   4.680     64    104.402    213.675      467
     655  100.000   6.550     72     97.000    152.672      654
     505  100.000   5.050     71     98.886    198.020      504
     653  100.000   6.530     69    101.492    153.139      651
     641  100.000   6.410     69    100.698    156.006      638
     714  100.000   7.140     64    106.963    140.056      713
     494  100.000   4.940     68     98.404    202.429      491
     547  100.000   5.470     69    102.205    182.815      545
     611  100.000   6.110     70     98.757    163.666      609
     478  100.000   4.780     70     96.163    209.205      476
     478  100.000   4.780     68     97.146    209.205      477
     579  100.000   5.790     70     99.909    172.712      579
     518  100.000   5.180     67    100.710    193.050      516
     492  100.000   4.920     70     99.821    203.252      491
     473  100.000   4.730     67     98.279    211.416      473
     463  100.000   4.630     72     95.756    215.983      462
     696  100.000   6.960     68     99.341    143.678      693
     444  100.000   4.440     66    102.647    225.225      443
     534  100.000   5.340     66     98.966    187.266      532
     545  100.000   5.450     71    101.876    183.486      543
     494  100.000   4.940     70     99.176    202.429      494
     606  100.000   6.060     72     98.418    165.017      606
     514  100.000   5.140     71     95.264    194.553      513
     743  100.000   7.430     71     97.317    134.590      742
     758  100.000   7.580     66    105.924    131.926      754
     541  100.000   5.410     68     96.900    184.843      539
     594  100.000   5.940     71     95.931    168.350      592
     546  100.000   5.460     67    105.043    183.150      545
     560  100.000   5.600     72     99.951    178.571      557
     540  100.000   5.400     70     99.690    185.185      540
     625  100.000   6.250     70     98.262    160.000      625
     499  100.000   4.990     69    105.653    200.401      499
     582  100.000   5.820     65     99.973    171.821      580
     713  100.000   7.130     74     98.215    140.252      711
     473  100.000   4.730     74     92.215    211.416      472
     522  100.000   5.220     69     98.507    191.571      522
     520  100.000   5.200     70     98.100    192.308      516
     420  100.000   4.200     69     98.146    238.095      418
     488  100.000   4.880     69    102.799    204.918      487
     534  100.000   5.340     71     98.149    187.266      531
     582  100.000   5.820     69    101.397    171.821      578
     516  100.000   5.160     73     96.624    193.798      514
     453  100.000   4.530     71     97.089    220.751      450
     460  100.000   4.600     67    104.147    217.391      455
     817  100.000   8.170     66    107.786    122.399      815
     765  100.000   7.650     70    102.104    130.719      761
     419  100.000   4.190     74     96.234    238.663      416
     572  100.000   5.720     74     95.823    174.825      571
     678  100.000   6.780     70     97.690    147.493      677
     439  100.000   4.390     69     99.955    227.790      436
     880  100.000   8.800     69    104.442    113.636      878
     720  100.000   7.200     67    103.222    138.889      717
     520  100.000   5.200     65    105.554    192.308      519
     467  100.000   4.670     69    100.134    214.133      466
     653  100.000   6.530     66    102.515    153.139      649
     519  100.000   5.190     64    105.045    192.678      516
     620  100.000   6.200     71     98.590    161.290      620
     650  100.000   6.500     70    103.907    153.846      644
     596  100.000   5.960     69     99.406    167.785      594
     517  100.000   5.170     66    101.010    193.424      514
     702  100.000   7.020     70    102.198    142.450      698
     447  100.000   4.470     73     98.515    223.714      444
     426  100.000   4.260     72     96.469    234.742      421
     528  100.000   5.280     68    107.744    189.394      525
     459  100.000   4.590     67     96.868    217.865      453
     485  100.000   4.850     70    100.732    206.186      483
     436  100.000   4.360     66    104.254    229.358      433
     479  100.000   4.790     65    102.211    208.768      477
     628  100.000   6.280     68    107.171    159.236      626
     549  100.000   5.490     69     98.617    182.149      545
     662  100.000   6.620     67    105.263    151.057      658
     601  100.000   6.010     68    101.721    166.389      601
     570  100.000   5.700     69    100.042    175.439      570
     742  100.000   7.420     70    100.513    134.771      739
     692  100.000   6.920     69     99.252    144.509      690
     587  100.000   5.870     70    104.923    170.358      584
     616  100.000   6.160     67    102.413    162.338      613
     593  100.000   5.930     68    101.014    168.634      593
     700  100.000   7.000     71    101.930    142.857      699
     606  100.000   6.060     68    100.864    165.017      604
     485  100.000   4.850     68     97.604    206.186      485
     700  100.000   7.000     71     97.767    142.857      697
     662  100.000   6.620     67    103.589    151.057      659
     598  100.000   5.980     69    106.474    167.224      595
     489  100.000   4.890     69    100.626    204.499      488
     519  100.000   5.190     67    106.626    192.678      515
     556  100.000   5.560     68    102.333    179.856      556
invite          equal           one              1000   100000 0.000000    5   10  0.10    5  13145
     647  100.000   6.470     69     99.179    154.560      647
     561  100.000   5.610     66    101.920    178.253      561
     530  100.000   5.300     69    101.843    188.679      530
     594  100.000   5.940     68    104.216    168.350      594
     581  100.000   5.810     69    109.487    172.117      581
     506  100.000   5.060     71     99.572    197.628      506
     540  100.000   5.400     66    102.159    185.185      540
     502  100.000   5.020     65    102.902    199.203      502
     659  100.000   6.590     69    100.129    151.745      659
     454  100.000   4.540     70    101.763    220.264      454
     420  100.000   4.200     66    100.684    238.095      420
     558  100.000   5.580     67    101.450    179.211      558
     569  100.000   5.690     70    100.438    175.747      569
     436  100.000   4.360     72     94.431    229.358      436
     620  100.000   6.200     66    104.091    161.290      620
     669  100.000   6.690     62    107.173    149.477      669
     587  100.000   5.870     72     96.101    170.358      587
     503  100.000   5.030     68    101.258    198.807      503
     491  100.000   4.910     69    100.448    203.666      491
     416  100.000   4.160     69    100.213    240.385      416
     754  100.000   7.540     67    103.034    132.626      754
     456  100.000   4.560     66    102.014    219.298      456
     518  100.000   5.180     70     99.490    193.050      518
     545  100.000   5.450     69    100.266    183.486      545
     429  100.000   4.290     68     98.895    233.100      429
     631  100.000   6.310     68    101.308    158.479      631
     543  100.000   5.430     71     96.661    184.162      543
     554  100.000   5.540     69     98.720    180.505      554
     483  100.000   4.830     67    103.182    207.039      483
     677  100.000   6.770     66    102.988    147.710      677
     485  100.000   4.850     64    101.112    206.186      485
     664  100.000   6.640     70    102.677    150.602      664
     662  100.000   6.620     70     96.857    151.057      662
     465  100.000   4.650     70     98.346    215.054      465
     718  100.000   7.180     71    103.186    139.276      718
     574  100.000   5.740     71     96.252    174.216      574
     762  100.000   7.620     64    108.524    131.234      762
     540  100.000   5.400     68    101.042    185.185      540
     583  100.000   5.830     67    101.866    171.527      583
     441  100.000   4.410     71     95.339    226.757      441
     629  100.000   6.290     66    101.488    158.983      629
     635  100.000   6.350     68    108.099    157.480      635
     456  100.000   4.560     69     97.140    219.298      456
     545  100.000   5.450     69     99.324    183.486      545
     411  100.000   4.110     70     99.653    243.309      411
     652  100.000   6.520     69    100.070    153.374      652
     415  100.000   4.150     71     97.654    240.964      415
     658  100.000   6.580     66    105.305    151.976      658
     573  100.000   5.730     69    101.535    174.520      573
     625  100.000   6.250     72     97.292    160.000      625
     473  100.000   4.730     71     99.202    211.416      473
     598  100.000   5.980     68    100.991    167.224      598
     578  100.000   5.780     75     99.988    173.010      578
     731  100.000   7.310     65    100.999    136.799      731
     605  100.000   6.050     67    101.086    165.289      605
     681  100.000   6.810     66    102.500    146.843      681
     451  100.000   4.510     68     99.739    221.729      451
     768  100.000   7.680     69    102.698    130.208      768
     436  100.000   4.360     71     97.235    229.358      436
     552  100.000   5.520     71     94.052    181.159      552
     581  100.000   5.810     66    104.562    172.117      581
     453  100.000   4.530     70    102.026    220.751      453
     575  100.000   5.750     72     94.424    173.913      575
     506  100.000   5.060     73     94.007    197.628      506
     677  100.000   6.770     68    102.372    147.710      677
     510  100.000   5.100     67     99.465    196.078      510
     546  100.000   5.460     69     99.987    183.150      546
     531  100.000   5.310     67    102.403    188.324      531
     600  100.000   6.000     65    102.777    166.667      600
     531  100.000   5.310     68    102.860    188.324      531
     491  100.000   4.910     71     97.268    203.666      491
     537  100.000   5.370     69    100.338    186.220      537
     625  100.000   6.250     70    102.310    160.000      625
     521  100.000   5.210     67    100.057    191.939      521
     672  100.000   6.720     69     99.826    148.810      672
     710  100.000   7.100     67    103.143    140.845      710
     634  100.000   6.340     68    102.343    157.729      634
     469  100.000   4.690     72     99.849    213.220      469
     671  100.000   6.710     68    103.811    149.031      671
     574  100.000   5.740     71     99.777    174.216      574
     491  100.000   4.910     72     95.492    203.666      491
     479  100.000   4.790     69    100.042    208.768      479
     476  100.000   4.760     68     99.172    210.084      476
     479  100.000   4.790     66    105.168    208.768      479
     493  100.000   4.930     70    102.903    202.840      493
     600  100.000   6.000     67    107.329    166.667      600
     572  100.000   5.720     67    100.330    174.825      572
     623  100.000   6.230     68     98.082    160.514      623
     621  100.000   6.210     69    103.045    161.031      621
     569  100.000   5.690     72     97.837    175.747      569
     598  100.000   5.980     69     99.658    167.224      598
     569  100.000   5.690     67    101.104    175.747      569
     466  100.000   4.660     65    105.561    214.592      466
     624  100.000   6.240     64    109.185    160.256      624
     498  100.000   4.980     67     98.838    200.803      498
     586  100.000   5.860     71     97.872    170.648      586
     648  100.000   6.480     68    101.201    154.321      648
     490  100.000   4.900     71     98.750    204.082      490
     523  100.000   5.230     73     98.067    191.205      523
     561  100.000   5.610     68    103.958    178.253      561
invite          equal           one              1000   100000 0.000000    5   10  0.10   10  13245
     880  100.000   8.800     70     99.538    113.636      880
     468  100.000   4.680     69     97.953    213.675      468
     584  100.000   5.840     66    106.742    171.233      584
     588  100.000   5.880     67    106.808    170.068      588
     448  100.000   4.480     68    102.818    223.214      448
     608  100.000   6.080     65    102.224    164.474      608
     440  100.000   4.400     72     97.275    227.273      440
     539  100.000   5.390     69     98.983    185.529      539
     512  100.000   5.120     70    101.720    195.312      512
     549  100.000   5.490     68    101.897    182.149      549
     584  100.000   5.840     69    104.551    171.233      584
     404  100.000   4.040     68     98.751    247.525      404
     530  100.000   5.300     73     96.020    188.679      530
     784  100.000   7.840     72     97.613    127.551      784
     559  100.000   5.590     71     96.328    178.891      559
     500  100.000   5.000     71     98.722    200.000      500
     369  100.000   3.690     70     96.651    271.003      369
     672  100.000   6.720     66    103.930    148.810      672
     481  100.000   4.810     68     99.853    207.900      481
     506  100.000   5.060     67    102.505    197.628      506
     491  100.000   4.910     69     98.530    203.666      491
     749  100.000   7.490     67    102.499    133.511      749
     476  100.000   4.760     68     99.651    210.084      476
     539  100.000   5.390     68    102.691    185.529      539
     646  100.000   6.460     72     99.092    154.799      646
     530  100.000   5.300     70    101.477    188.679      530
     496  100.000   4.960     65    102.827    201.613      496
     586  100.000   5.860     64    104.124    170.648      586
     506  100.000   5.060     70     99.439    197.628      506
     463  100.000   4.630     71     98.077    215.983      463
     458  100.000   4.580     71    101.808    218.341      458
     545  100.000   5.450     65    103.666    183.486      545
     607  100.000   6.070     66    104.197    164.745      607
     505  100.000   5.050     69    100.010    198.020      505
     526  100.000   5.260     71     97.597    190.114      526
     544  100.000   5.440     66    106.398    183.824      544
     570  100.000   5.700     68     97.093    175.439      570
     598  100.000   5.980     68    101.994    167.224      598
     479  100.000   4.790     66    103.450    208.768      479
     564  100.000   5.640     67    104.671    177.305      564
     501  100.000   5.010     68    102.307    199.601      501
     479  100.000   4.790     69     98.100    208.768      479
     692  100.000   6.920     70     98.848    144.509      692
     483  100.000   4.830     73     99.028    207.039      483
     839  100.000   8.390     66    107.124    119.190      839
     467  100.000   4.670     72     92.648    214.133      467
     532  100.000   5.320     71     97.631    187.970      532
     525  100.000   5.250     66     99.938    190.476      525
     800  100.000   8.000     67     98.565    125.000      800
     493  100.000   4.930     66    102.262    202.840      493
     765  100.000   7.650     68    104.045    130.719      765
     532  100.000   5.320     68    100.961    187.970      532
     437  100.000   4.370     71     99.000    228.833      437
     565  100.000   5.650     69    102.454    176.991      565
     772  100.000   7.720     71     95.371    129.534      772
     531  100.000   5.310     69    102.656    188.324      531
     608  100.000   6.080     68    102.822    164.474      608
     478  100.000   4.780     70    102.916    209.205      478
     601  100.000   6.010     66    102.827    166.389      601
     555  100.000   5.550     68    100.765    180.180      555
     503  100.000   5.030     69    101.269    198.807      503
     780  100.000   7.800     72     98.400    128.205      780
     555  100.000   5.550     67    100.202    180.180      555
     564  100.000   5.640     68     99.202    177.305      564
     578  100.000   5.780     72     96.891    173.010      578
     617  100.000   6.170     71    100.245    162.075      617
     429  100.000   4.290     66    102.141    233.100      429
     528  100.000   5.280     66    100.046    189.394      528
     563  100.000   5.630     72     99.818    177.620      563
     678  100.000   6.780     70    100.461    147.493      678
     578  100.000   5.780     68    102.432    173.010      578
     699  100.000   6.990     71     99.687    143.062      699
     753  100.000   7.530     65    102.284    132.802      753
     567  100.000   5.670     71    101.095    176.367      567
     738  100.000   7.380     67    102.949    135.501      738
     778  100.000   7.780     70    104.776    128.535      778
     489  100.000   4.890     68     99.722    204.499      489
     490  100.000   4.900     68     98.571    204.082      490
     441  100.000   4.410     68    102.188    226.757      441
     487  100.000   4.870     71    100.639    205.339      487
     462  100.000   4.620     68    101.632    216.450      462
     457  100.000   4.570     65    103.252    218.818      457
     498  100.000   4.980     64    103.453    200.803      498
     768  100.000   7.680     69    106.632    130.208      768
     429  100.000   4.290     66     98.385    233.100      429
     445  100.000   4.450     68     99.933    224.719      445
     658  100.000   6.580     65    102.924    151.976      658
     679  100.000   6.790     73     93.629    147.275      679
     442  100.000   4.420     71     96.177    226.244      442
     536  100.000   5.360     73     97.488    186.567      536
     859  100.000   8.590     68    102.418    116.414      859
     699  100.000   6.990     69    101.889    143.062      699
     541  100.000   5.410     70     96.855    184.843      541
     461  100.000   4.610     67     99.471    216.920      461
     620  100.000   6.200     68    105.019    161.290      620
     599  100.000   5.990     70     98.682    166.945      599
     550  100.000   5.500     71     95.989    181.818      550
     505  100.000   5.050     67    100.398    198.020      505
     447  100.000   4.470     64    104.163    223.714      447
     510  100.000   5.100     68    103.958    196.078      510
invite          equal           one              1000   100000 0.000000    5   10  0.25    5  13345
     657  100.000   6.570     68    102.203    152.207      657
     492  100.000   4.920     69    100.758    203.252      492
     452  100.000   4.520     71     97.305    221.239      452
     610  100.000   6.100     72     96.345    163.934      610
     523  100.000   5.230     71     99.632    191.205      523
     543  100.000   5.430     70    101.795    184.162      543
     501  100.000   5.010     69     99.444    199.601      501
     535  100.000   5.350     66    101.623    186.916      535
     489  100.000   4.890     71     98.140    204.499      489
     436  100.000   4.360     71     97.060    229.358      436
     473  100.000   4.730     72     98.136    211.416      473
     599  100.000   5.990     71     99.163    166.945      599
     604  100.000   6.040     73     95.528    165.563      600
     512  100.000   5.120     71     99.489    195.312      512
     932  100.000   9.320     68    101.084    107.296      932
     483  100.000   4.830     68    100.732    207.039      483
     659  100.000   6.590     72     96.170    151.745      659
     550  100.000   5.500     65    105.124    181.818      550
     654  100.000   6.540     68     99.866    152.905      654
     604  100.000   6.040     67    102.122    165.563      604
     551  100.000   5.510     65    107.836    181.488      551
     514  100.000   5.140     68     96.476    194.553      514
     557  100.000   5.570     70     98.587    179.533      557
     536  100.000   5.360     70     96.133    186.567      536
     705  100.000   7.050     65    106.130    141.844      705
     678  100.000   6.780     69    102.370    147.493      678
     642  100.000   6.420     70     98.436    155.763      642
     583  100.000   5.830     67    104.843    171.527      583
     473  100.000   4.730     69     98.173    211.416      473
     620  100.000   6.200     69    102.092    161.290      620
     555  100.000   5.550     70     99.827    180.180      555
     602  100.000   6.020     66    102.135    166.113      602
     561  100.000   5.610     68    102.979    178.253      561
     490  100.000   4.900     66    100.817    204.082      490
     487  100.000   4.870     71     95.153    205.339      487
     572  100.000   5.720     68     98.562    174.825      572
     748  100.000   7.480     68     99.731    133.690      748
     583  100.000   5.830     68    104.107    171.527      583
     663  100.000   6.630     71    100.010    150.830      663
     551  100.000   5.510     68     99.148    181.488      551
     462  100.000   4.620     74     94.385    216.450      462
     428  100.000   4.280     71     97.121    233.645      428
     659  100.000   6.590     68     99.714    151.745      659
     599  100.000   5.990     71     98.443    166.945      599
     512  100.000   5.120     69    100.454    195.312      512
     804  100.000   8.040     70     98.513    124.378      804
     728  100.000   7.280     70    101.363    137.363      728
     686  100.000   6.860     71    101.515    145.773      686
     650  100.000   6.500     69     99.605    153.846      650
     667  100.000   6.670     65    100.124    149.925      667
     839  100.000   8.390     69    101.163    119.190      839
     525  100.000   5.250     74     96.830    190.476      525
     444  100.000   4.440     68     99.798    225.225      444
     753  100.000   7.530     70    102.634    132.802      753
     622  100.000   6.220     67    102.589    160.772      622
     564  100.000   5.640     70    100.828    177.305      564
     552  100.000   5.520     66    101.783    181.159      552
     785  100.000   7.850     68    102.306    127.389      785
     729  100.000   7.290     70     99.853    137.174      729
     558  100.000   5.580     71    100.033    179.211      558
     893  100.000   8.930     66    107.022    111.982      893
     551  100.000   5.510     67     99.764    181.488      551
     546  100.000   5.460     68    100.673    183.150      546
     767  100.000   7.670     67    106.515    130.378      767
     556  100.000   5.560     69    103.433    179.856      556
     651  100.000   6.510     68    103.546    153.610      651
     807  100.000   8.070     63    107.358    123.916      807
     888  100.000   8.880     66    103.770    112.613      888
     640  100.000   6.400     72     99.678    156.250      640
     656  100.000   6.560     71    100.324    152.439      656
     461  100.000   4.610     67    102.934    216.920      461
     434  100.000   4.340     70    100.607    230.415      434
     542  100.000   5.420     67     96.380    184.502      542
     516  100.000   5.160     68    104.479    193.798      516
     421  100.000   4.210     72     96.494    237.530      421
     542  100.000   5.420     71    100.386    184.502      542
     687  100.000   6.870     72     95.393    145.560      687
     722  100.000   7.220     68    103.373    138.504      722
     609  100.000   6.090     66    105.180    164.204      609
     546  100.000   5.460     65    105.984    183.150      546
     534  100.000   5.340     65    102.459    187.266      534
     506  100.000   5.060     66    102.063    197.628      506
     472  100.000   4.720     66    101.425    211.864      472
     500  100.000   5.000     65    101.973    200.000      500
     504  100.000   5.040     66    101.102    198.413      504
     738  100.000   7.380     67     98.206    135.501      738
     543  100.000   5.430     73     98.612    184.162      543
     548  100.000   5.480     67    104.099    182.482      548
     524  100.000   5.240     71     96.262    190.840      524
     881  100.000   8.810     65    106.094    113.507      881
     553  100.000   5.530     67    101.348    180.832      553
     714  100.000   7.140     69     99.529    140.056      714
     753  100.000   7.530     66    100.481    132.802      753
     464  100.000   4.640     67     99.123    215.517      464
     766  100.000   7.660     69    103.506    130.548      766
     674  100.000   6.740     68     97.978    148.368      674
     533  100.000   5.330     68    104.319    187.617      533
     590  100.000   5.900     69    100.746    169.492      590
     681  100.000   6.810     66    105.523    146.843      681
     567  100.000   5.670     69    102.918    176.367      567
invite          equal           one              1000   100000 0.000000    5   10  0.25   10  13445
     544  100.000   5.440     67    101.031    183.824      544
     502  100.000   5.020     66    103.521    199.203      502
     824  100.000   8.240     71    100.017    121.359      824
     480  100.000   4.800     71     99.446    208.333      480
     503  100.000   5.030     70    102.939    198.807      503
     717  100.000   7.170     70    101.695    139.470      717
     560  100.000   5.600     69    103.333    178.571      560
     655  100.000   6.550     68    100.942    152.672      655
     478  100.000   4.780     69     98.491    209.205      478
     560  100.000   5.600     70     98.074    178.571      560
     463  100.000   4.630     70     96.117    215.983      463
     539  100.000   5.390     71     97.082    185.529      539
     571  100.000   5.710     70    100.635    175.131      571
     708  100.000   7.080     70     98.498    141.243      708
     818  100.000   8.180     71    101.410    122.249      818
     626  100.000   6.260     68    103.885    159.744      626
     498  100.000   4.980     72     92.848    200.803      498
     550  100.000   5.500     68    100.165    181.818      550
     580  100.000   5.800     68    106.288    172.414      580
     568  100.000   5.680     72     97.857    176.056      568
     688  100.000   6.880     70     99.298    145.349      688
     718  100.000   7.180     63    111.908    139.276      718
     554  100.000   5.540     71    100.999    180.505      554
     553  100.000   5.530     74     96.290    180.832      553
     436  100.000   4.360     68    100.138    229.358      436
    1106  100.000  11.060     66    104.578     90.416     1106
     561  100.000   5.610     70    103.577    178.253      561
     415  100.000   4.150     69     99.077    240.964      415
     410  100.000   4.100     67    100.716    243.902      410
     675  100.000   6.750     70    100.629    148.148      675
     547  100.000   5.470     69    102.001    182.815      547
     507  100.000   5.070     73     96.857    197.239      507
     426  100.000   4.260     69     94.847    234.742      426
     496  100.000   4.960     66    106.177    201.613      496
     590  100.000   5.900     72     97.401    169.492      590
     586  100.000   5.860     72     96.791    170.648      586
    1130  100.000  11.300     64    112.040     88.496     1130
     562  100.000   5.620     67    102.665    177.936      562
    1140  100.000  11.400     71    103.976     87.719     1140
     590  100.000   5.900     69    107.148    169.492      590
     450  100.000   4.500     70     99.122    222.222      450
     559  100.000   5.590     71     96.148    178.891      559
     545  100.000   5.450     71     97.096    183.486      545
     507  100.000   5.070     75     96.136    197.239      507
     613  100.000   6.130     70    100.122    163.132      613
     604  100.000   6.040     68    100.466    165.563      604
     634  100.000   6.340     70    100.534    157.729      634
     455  100.000   4.550     66     99.236    219.780      455
     713  100.000   7.130     69    107.514    140.252      713
     491  100.000   4.910     71     97.185    203.666      491
     479  100.000   4.790     70     96.174    208.768      479
     637  100.000   6.370     71     98.005    156.986      637
     657  100.000   6.570     66    103.967    152.207      657
     570  100.000   5.700     70     99.870    175.439      570
     720  100.000   7.200     68     99.576    138.889      720
     517  100.000   5.170     71     99.320    193.424      517
     781  100.000   7.810     70    108.484    128.041      781
     620  100.000   6.200     67    104.646    161.290      620
     529  100.000   5.290     73     95.617    189.036      529
     575  100.000   5.750     68    101.035    173.913      575
     458  100.000   4.580     66     98.552    218.341      458
     467  100.000   4.670     69     95.885    214.133      467
     419  100.000   4.190     66     98.713    238.663      419
     569  100.000   5.690     72     98.663    175.747      569
     819  100.000   8.190     66    104.194    122.100      819
     467  100.000   4.670     70     97.184    214.133      467
     528  100.000   5.280     69     99.270    189.394      528
     466  100.000   4.660     72     95.513    214.592      466
     559  100.000   5.590     67     99.363    178.891      559
     480  100.000   4.800     71     97.502    208.333      480
     451  100.000   4.510     71     96.020    221.729      451
     606  100.000   6.060     74     97.852    165.017      606
     597  100.000   5.970     68     98.453    167.504      597
     482  100.000   4.820     70    101.887    207.469      482
     586  100.000   5.860     70     99.902    170.648      586
     498  100.000   4.980     68    102.189    200.803      498
     473  100.000   4.730     68    101.076    211.416      473
     435  100.000   4.350     71     95.777    229.885      435
     655  100.000   6.550     65    102.759    152.672      655
     434  100.000   4.340     71     95.982    230.415      434
     490  100.000   4.900     69    100.024    204.082      490
     653  100.000   6.530     70     97.311    153.139      653
     509  100.000   5.090     67    101.902    196.464      509
     503  100.000   5.030     65     99.629    198.807      503
     478  100.000   4.780     72     95.274    209.205      478
     426  100.000   4.260     71     97.819    234.742      426
     562  100.000   5.620     68    102.877    177.936      562
     477  100.000   4.770     71    100.401    209.644      477
     624  100.000   6.240     69    101.746    160.256      624
     565  100.000   5.650     71     99.987    176.991      565
     452  100.000   4.520     73     97.066    221.239      452
     552  100.000   5.520     72    100.520    181.159      552
     634  100.000   6.340     69     98.341    157.729      634
     514  100.000   5.140     65    102.422    194.553      514
     514  100.000   5.140     70     99.960    194.553      514
     438  100.000   4.380     72    100.167    228.311      438
     683  100.000   6.830     67    101.637    146.413      683
     711  100.000   7.110     70    100.031    140.647      711
     637  100.000   6.370     67    103.149    156.986      637
     492  100.000   4.920     67     98.863    203.252      492
invite          equal           one              1000   100000 0.000100    5    5  0.00    5  13545
     579  100.000   5.790     71     97.639    172.712      578
     440  100.000   4.400     71     97.904    227.273      439
     525  100.000   5.250     65    102.351    190.476      507
     604  100.000   6.040     68    100.307    165.563      603
     503  100.000   5.030     68     99.028    198.807      502
     586  100.000   5.860     68     98.601    170.648      583
     475  100.000   4.750     70     96.966    210.526      474
     416  100.000   4.160     69     98.390    240.385      413
     677  100.000   6.770     69     98.440    147.710      674
     384  100.000   3.840     69     98.512    260.417      384
     416  100.000   4.160     73     94.819    240.385      415
     632  100.000   6.320     70     99.783    158.228      630
     501  100.000   5.010     71     97.735    199.601      498
     540  100.000   5.400     70    100.213    185.185      537
     504  100.000   5.040     74     92.643    198.413      504
     486  100.000   4.860     72     93.762    205.761      482
     435  100.000   4.350     75     92.693    229.885      434
     505  100.000   5.050     70     96.205    198.020      501
     718  100.000   7.180     73     97.473    139.276      611
     540  100.000   5.400     72    104.797    185.185      540
     591  100.000   5.910     66     97.093    169.205      591
     492  100.000   4.920     69     98.585    203.252      488
     520  100.000   5.200     68    100.760    192.308      519
     524  100.000   5.240     68    101.049    190.840      521
     474  100.000   4.740     70    102.402    210.970      472
     546  100.000   5.460     67    101.465    183.150      543
     576  100.000   5.760     69    102.372    173.611      572
     478  100.000   4.780     67     98.879    209.205      475
     525  100.000   5.250     73     94.304    190.476      525
     435  100.000   4.350     70     97.442    229.885      432
     566  100.000   5.660     68    102.043    176.678      564
     588  100.000   5.880     67    100.749    170.068      588
     834  100.000   8.340     71    101.636    119.904      830
     563  100.000   5.630     67    101.339    177.620      560
     534  100.000   5.340     74     97.553    187.266      534
     449  100.000   4.490     70    100.010    222.717      447
   16047  100.000 160.470     71     94.686      6.232      442
     730  100.000   7.300     70    100.030    136.986      703
     413  100.000   4.130     68     99.544    242.131      413
     564  100.000   5.640     68    103.241    177.305      560
     792  100.000   7.920     70     99.311    126.263      789
     572  100.000   5.720     72     98.886    174.825      570
     567  100.000   5.670     71     96.600    176.367      561
     754  100.000   7.540     69    102.409    132.626      750
     462  100.000   4.620     66    103.064    216.450      462
     442  100.000   4.420     71     93.424    226.244      441
     482  100.000   4.820     65    106.317    207.469      482
     446  100.000   4.460     67    100.050    224.215      434
     512  100.000   5.120     67    102.217    195.312      505
     494  100.000   4.940     71     99.339    202.429      491
     503  100.000   5.030     68    101.204    198.807      503
     573  100.000   5.730     69    102.531    174.520      569
     618  100.000   6.180     67    101.969    161.812      618
     440  100.000   4.400     67     99.176    227.273      427
     462  100.000   4.620     70     97.836    216.450      461
     459  100.000   4.590     69     98.731    217.865      458
     557  100.000   5.570     70    102.799    179.533      557
     745  100.000   7.450     68    103.082    134.228      741
     554  100.000   5.540     70     96.891    180.505      550
     412  100.000   4.120     70     95.797    242.718      411
     591  100.000   5.910     71    100.774    169.205      590
     678  100.000   6.780     71    101.921    147.493      670
     500  100.000   5.000     71     97.334    200.000      500
     590  100.000   5.900     67    103.187    169.492      589
    2060  100.000  20.600     72     97.034     48.544      468
     494  100.000   4.940     69    102.916    202.429      492
     598  100.000   5.980     70     98.352    167.224      597
     604  100.000   6.040     71    102.436    165.563      601
     601  100.000   6.010     66    104.293    166.389      597
     543  100.000   5.430     68     99.149    184.162      542
     798  100.000   7.980     65    111.409    125.313      796
     474  100.000   4.740     70    101.005    210.970      435
     490  100.000   4.900     70    101.963    204.082      487
     556  100.000   5.560     72     95.671    179.856      555
     737  100.000   7.370     68    103.026    135.685      737
     520  100.000   5.200     69    102.538    192.308      517
     574  100.000   5.740     72     99.597    174.216      571
     508  100.000   5.080     70    104.791    196.850      504
     564  100.000   5.640     67    105.413    177.305      563
     756  100.000   7.560     67    106.958    132.275      753
     945  100.000   9.450     72    100.850    105.820      944
     807  100.000   8.070     70    102.591    123.916      807
     792  100.000   7.920     68    104.545    126.263      789
     484  100.000   4.840     70     99.096    206.612      480
     492  100.000   4.920     69    100.402    203.252      490
    1181  100.000  11.810     68    107.876     84.674     1180
     620  100.000   6.200     69    102.491    161.290      619
     523  100.000   5.230     70     98.521    191.205      517
     434  100.000   4.340     69    100.979    230.415      427
     471  100.000   4.710     67     98.513    212.314      470
     589  100.000   5.890     63    106.766    169.779      587
     603  100.000   6.030     71     96.919    165.837      602
    7028  100.000  70.280     67     99.336     14.229      471
     588  100.000   5.880     65    100.822    170.068      584
     412  100.000   4.120     67    104.038    242.718      412
     684  100.000   6.840     71    103.266    146.199      683
     552  100.000   5.520     71     98.338    181.159      552
     520  100.000   5.200     69    101.445    192.308      517
     692  100.000   6.920     70     99.491    144.509      689
     570  100.000   5.700     67    105.611    175.439      564
invite          equal           one              1000   100000 0.000100    5    5  0.00   10  13645
     418  100.000   4.180     68    100.675    239.234      416
     517  100.000   5.170     71     99.211    193.424      511
     883  100.000   8.830     70    103.406    113.250      882
     500  100.000   5.000     67    102.952    200.000      500
     534  100.000   5.340     68    102.112    187.266      533
     523  100.000   5.230     70    103.838    191.205      519
     612  100.000   6.120     70     98.780    163.399      612
     649  100.000   6.490     71     96.731    154.083      649
     578  100.000   5.780     68     98.949    173.010      577
     523  100.000   5.230     69     98.534    191.205      522
     534  100.000   5.340     67     96.743    187.266      532
     746  100.000   7.460     69    102.659    134.048      746
     866  100.000   8.660     69    108.156    115.473      864
     482  100.000   4.820     69     99.771    207.469      481
     521  100.000   5.210     68    100.480    191.939      517
     718  100.000   7.180     72    101.403    139.276      677
     560  100.000   5.600     69    100.339    178.571      553
     536  100.000   5.360     73     99.512    186.567      534
     585  100.000   5.850     69    100.777    170.940      584
     459  100.000   4.590     65     97.576    217.865      458
     520  100.000   5.200     66    102.357    192.308      518
     575  100.000   5.750     69     99.364    173.913      573
     463  100.000   4.630     71     99.720    215.983      462
     584  100.000   5.840     70     98.654    171.233      583
     637  100.000   6.370     71    101.011    156.986      637
     590  100.000   5.900     71    101.836    169.492      586
     457  100.000   4.570     70     97.262    218.818      453
     569  100.000   5.690     65    101.757    175.747      569
     516  100.000   5.160     69     98.602    193.798      514
     857  100.000   8.570     63    108.607    116.686      853
     561  100.000   5.610     67    104.769    178.253      561
     616  100.000   6.160     69     99.634    162.338      612
     557  100.000   5.570     64    107.636    179.533      556
     691  100.000   6.910     69     99.546    144.718      691
     505  100.000   5.050     66    102.097    198.020      505
     490  100.000   4.900     70    101.934    204.082      487
     513  100.000   5.130     68    101.508    194.932      509
     817  100.000   8.170     66    104.989    122.399      817
     750  100.000   7.500     69    104.564    133.333      747
     594  100.000   5.940     71     97.813    168.350      592
     467  100.000   4.670     71     99.306    214.133      466
     436  100.000   4.360     67    100.738    229.358      436
     733  100.000   7.330     69    101.083    136.426      726
   13173  100.000 131.730     68    105.081      7.591      585
     598  100.000   5.980     74     94.713    167.224      598
     518  100.000   5.180     68    103.029    193.050      518
     717  100.000   7.170     67     98.621    139.470      715
     559  100.000   5.590     70     97.377    178.891      552
     519  100.000   5.190     73     97.446    192.678      516
     624  100.000   6.240     70     98.797    160.256      623
     530  100.000   5.300     68     99.580    188.679      526
     449  100.000   4.490     71     96.945    222.717      445
     512  100.000   5.120     70    100.006    195.312      512
   30423  100.000 304.230     65    102.885      3.287      337
     765  100.000   7.650     70     94.361    130.719      764
     715  100.000   7.150     66    103.223    139.860      711
   14702  100.000 147.020     73     97.109      6.802      299
     557  100.000   5.570     66    102.881    179.533      557
     760  100.000   7.600     69    105.588    131.579      758
     606  100.000   6.060     67    104.611    165.017      606
     601  100.000   6.010     71     99.524    166.389      600
     543  100.000   5.430     68    101.495    184.162      542
     562  100.000   5.620     68    102.067    177.936      562
     477  100.000   4.770     67    100.989    209.644      473
     695  100.000   6.950     68    100.858    143.885      694
     751  100.000   7.510     69    101.911    133.156      751
     406  100.000   4.060     67    106.512    246.305      405
     525  100.000   5.250     71     98.115    190.476      522
     842  100.000   8.420     71    102.885    118.765      842
     627  100.000   6.270     69    101.776    159.490      625
     661  100.000   6.610     69    101.480    151.286      657
     592  100.000   5.920     65    106.666    168.919      579
     615  100.000   6.150     75     97.563    162.602      615
     494  100.000   4.940     68     99.942    202.429      492
     889  100.000   8.890     66    101.594    112.486      887
     537  100.000   5.370     69    100.795    186.220      533
     580  100.000   5.800     70     99.412    172.414      576
     668  100.000   6.680     73     94.560    149.701      664
     706  100.000   7.060     71    100.858    141.643      703
     712  100.000   7.120     72     95.257    140.449      710
     490  100.000   4.900     70     98.606    204.082      486
     969  100.000   9.690     70    100.767    103.199      968
     545  100.000   5.450     70     97.830    183.486      544
     536  100.000   5.360     69     98.087    186.567      535
     467  100.000   4.670     67    101.745    214.133      467
     528  100.000   5.280     66    100.248    189.394      524
     581  100.000   5.810     71     99.714    172.117      577
     457  100.000   4.570     65    102.418    218.818      455
     483  100.000   4.830     70     97.753    207.039      482
     704  100.000   7.040     66    101.147    142.045      704
     476  100.000   4.760     69    100.255    210.084      475
     599  100.000   5.990     68    104.827    166.945      581
     709  100.000   7.090     68    105.467    141.044      627
     526  100.000   5.260     68    102.499    190.114      524
     517  100.000   5.170     68    102.606    193.424      513
     473  100.000   4.730     73     97.916    211.416      473
     674  100.000   6.740     68    104.062    148.368      628
     598  100.000   5.980     70    100.987    167.224      597
     540  100.000   5.400     64    104.958    185.185      540
     517  100.000   5.170     69     99.646    193.424      513
invite          equal           one              1000   100000 0.000100    5    5  0.10    5  13745
     521  100.000   5.210     71     97.824    191.939      521
