invite          equal           one               100     1000 0.000000    5    5  0.00    5  12345      52.97   10.000   5.297      6.700     10.258      19.68    52.97
invite          equal           one               100     1000 0.000000    5    5  0.00   10  12445      53.75   10.000   5.375      6.790     10.290      19.39    53.75
invite          equal           one               100     1000 0.000000    5    5  0.10    5  12545      54.13   10.000   5.413      6.830     10.302      19.45    54.13
invite          equal           one               100     1000 0.000000    5    5  0.10   10  12645      55.25   10.000   5.525      6.670     10.429      19.02    55.25
invite          equal           one               100     1000 0.000000    5    5  0.25    5  12745      55.14   10.000   5.514      6.590     10.514      18.95    55.14
invite          equal           one               100     1000 0.000000    5    5  0.25   10  12845      51.85   10.000   5.185      6.800     10.179      20.08    51.85
invite          equal           one               100     1000 0.000000    5   10  0.00    5  12945      53.08   10.000   5.308      6.730     10.330      19.87    53.08
invite          equal           one               100     1000 0.000000    5   10  0.00   10  13045      53.16   10.000   5.316      6.700     10.330      19.64    53.16
invite          equal           one               100     1000 0.000000    5   10  0.10    5  13145      53.16   10.000   5.316      6.850     10.335      19.76    53.16
invite          equal           one               100     1000 0.000000    5   10  0.10   10  13245      53.37   10.000   5.337      6.820     10.334      19.81    53.37
invite          equal           one               100     1000 0.000000    5   10  0.25    5  13345      53.89   10.000   5.389      6.530     10.340      19.37    53.89
invite          equal           one               100     1000 0.000000    5   10  0.25   10  13445      53.47   10.000   5.347      6.550     10.349      19.60    53.47
invite          equal           one               100     1000 0.000100    5    5  0.00    5  13545      54.52   10.000   5.452      6.650     10.380      19.28    54.43
invite          equal           one               100     1000 0.000100    5    5  0.00   10  13645      52.16   10.000   5.216      6.780     10.184      20.03    52.15
invite          equal           one               100     1000 0.000100    5    5  0.10    5  13745      54.40   10.000   5.440      6.560     10.379      19.41    54.33
invite          equal           one               100     1000 0.000100    5    5  0.10   10  13845      54.94   10.000   5.494      6.560     10.524      18.91    54.87
invite          equal           one               100     1000 0.000100    5    5  0.25    5  13945      54.52   10.000   5.452      6.720     10.415      19.12    54.26
invite          equal           one               100     1000 0.000100    5    5  0.25   10  14045      54.18   10.000   5.418      6.680     10.277      19.36    53.90
invite          equal           one               100     1000 0.000100    5   10  0.00    5  14145      52.91   10.000   5.291      6.840     10.177      19.85    52.91
invite          equal           one               100     1000 0.000100    5   10  0.00   10  14245      55.99   10.000   5.599      6.790     10.414      18.89    55.69
invite          equal           one               100     1000 0.000100    5   10  0.10    5  14345      53.27   10.000   5.327      6.660     10.334      19.55    53.27
invite          equal           one               100     1000 0.000100    5   10  0.10   10  14445      54.70   10.000   5.470      6.650     10.379      19.08    54.65
invite          equal           one               100     1000 0.000100    5   10  0.25    5  14545      54.75   10.000   5.475      6.750     10.325      18.91    54.56
invite          equal           one               100     1000 0.000100    5   10  0.25   10  14645      54.60   10.000   5.460      6.730     10.440      19.03    54.60
invite          equal           one               100     1000 0.001000    5    5  0.00    5  14745      52.26   10.000   5.226      6.780     10.311      19.80    50.89
invite          equal           one               100     1000 0.001000    5    5  0.00   10  14845      53.53   10.000   5.353      6.790     10.380      19.48    52.46
invite          equal           one               100     1000 0.001000    5    5  0.10    5  14945      53.78   10.000   5.378      6.680     10.439      19.73    52.05
invite          equal           one               100     1000 0.001000    5    5  0.10   10  15045      51.82   10.000   5.182      6.680     10.223      20.13    50.93
invite          equal           one               100     1000 0.001000    5    5  0.25    5  15145      52.05   10.000   5.205      6.670     10.366      19.94    51.33
invite          equal           one               100     1000 0.001000    5    5  0.25   10  15245      53.05   10.000   5.305      6.660     10.289      19.71    52.32
invite          equal           one               100     1000 0.001000    5   10  0.00    5  15345      53.16   10.000   5.316      6.700     10.383      19.65    51.78
invite          equal           one               100     1000 0.001000    5   10  0.00   10  15445      51.34   10.000   5.134      6.760     10.226      20.19    49.74
invite          equal           one               100     1000 0.001000    5   10  0.10    5  15545      52.66   10.000   5.266      6.710     10.313      19.73    51.85
invite          equal           one               100     1000 0.001000    5   10  0.10   10  15645      55.28   10.000   5.528      6.670     10.446      19.05    54.18
invite          equal           one               100     1000 0.001000    5   10  0.25    5  15745      53.18   10.000   5.318      6.680     10.386      19.48    52.03
invite          equal           one               100     1000 0.001000    5   10  0.25   10  15845      52.48   10.000   5.248      6.640     10.364      19.88    51.51
invite          equal           one               100     1000 0.010000    5    5  0.00    5  15945      47.86   10.000   4.786      6.750     10.504      21.67    41.86
invite          equal           one               100     1000 0.010000    5    5  0.00   10  16045      47.80   10.000   4.780      6.750     10.367      21.56    42.74
invite          equal           one               100     1000 0.010000    5    5  0.10    5  16145      46.10   10.000   4.610      6.850     10.276      22.31    40.56
invite          equal           one               100     1000 0.010000    5    5  0.10   10  16245      46.77   10.000   4.677      6.650     10.490      22.27    39.62
invite          equal           one               100     1000 0.010000    5    5  0.25    5  16345      48.13   10.000   4.813      6.710     10.330      21.68    42.20
invite          equal           one               100     1000 0.010000    5    5  0.25   10  16445      45.62   10.000   4.562      6.630     10.417      22.47    40.46
invite          equal           one               100     1000 0.010000    5   10  0.00    5  16545      47.22   10.000   4.722      6.810     10.416      21.92    41.47
invite          equal           one               100     1000 0.010000    5   10  0.00   10  16645      45.84   10.000   4.584      6.790     10.251      22.53    41.17
invite          equal           one               100     1000 0.010000    5   10  0.10    5  16745      47.31   10.000   4.731      6.690     10.360      21.76    41.36
invite          equal           one               100     1000 0.010000    5   10  0.10   10  16845      45.17   10.000   4.517      6.720     10.195      23.02    39.63
invite          equal           one               100     1000 0.010000    5   10  0.25    5  16945      45.46   10.000   4.546      6.780     10.186      22.73    40.33
invite          equal           one               100     1000 0.010000    5   10  0.25   10  17045      46.51   10.000   4.651      6.710     10.378      22.11    40.92
invite          equal           perStrength       100     1000 0.000000    5    5  0.00    5  17145      11.18    2.000   5.590      6.780     10.294      93.47    53.84
invite          equal           perStrength       100     1000 0.000000    5    5  0.00   10  17245      11.49    2.000   5.745      6.770     10.329      91.48    55.46
invite          equal           perStrength       100     1000 0.000000    5    5  0.10    5  17345      10.92    2.000   5.460      6.760     10.219      97.09    52.60
invite          equal           perStrength       100     1000 0.000000    5    5  0.10   10  17445      11.21    2.000   5.605      6.750     10.351      92.78    54.21
invite          equal           perStrength       100     1000 0.000000    5    5  0.25    5  17545      11.31    2.000   5.655      6.800     10.277      92.05    54.34
invite          equal           perStrength       100     1000 0.000000    5    5  0.25   10  17645      10.85    2.000   5.425      6.770     10.242      95.71    52.34
invite          equal           perStrength       100     1000 0.000000    5   10  0.00    5  17745       5.91    1.000   5.910      6.710     10.428     175.04    54.80
invite          equal           perStrength       100     1000 0.000000    5   10  0.00   10  17845       5.91    1.000   5.910      6.560     10.465     177.04    54.94
invite          equal           perStrength       100     1000 0.000000    5   10  0.10    5  17945       5.61    1.000   5.610      6.700     10.228     184.12    51.28
invite          equal           perStrength       100     1000 0.000000    5   10  0.10   10  18045       5.85    1.000   5.850      6.690     10.240     177.22    53.81
invite          equal           perStrength       100     1000 0.000000    5   10  0.25    5  18145       5.83    1.000   5.830      6.690     10.379     178.01    53.82
invite          equal           perStrength       100     1000 0.000000    5   10  0.25   10  18245       5.69    1.000   5.690      6.820     10.130     182.98    52.75
invite          equal           perStrength       100     1000 0.000100    5    5  0.00    5  18345      11.28    2.000   5.640      6.700     10.381      92.94    54.14
invite          equal           perStrength       100     1000 0.000100    5    5  0.00   10  18445      11.00    2.000   5.500      6.640     10.314      93.81    53.02
invite          equal           perStrength       100     1000 0.000100    5    5  0.10    5  18545      11.05    2.000   5.525      6.700     10.331      94.48    53.37
invite          equal           perStrength       100     1000 0.000100    5    5  0.10   10  18645      11.49    2.000   5.745      6.580     10.467      91.14    55.44
invite          equal           perStrength       100     1000 0.000100    5    5  0.25    5  18745      11.09    2.000   5.545      6.620     10.406      94.13    53.36
invite          equal           perStrength       100     1000 0.000100    5    5  0.25   10  18845      10.70    2.000   5.350      6.770     10.213      97.04    51.56
invite          equal           perStrength       100     1000 0.000100    5   10  0.00    5  18945       5.80    1.000   5.800      6.620     10.269     179.97    53.82
invite          equal           perStrength       100     1000 0.000100    5   10  0.00   10  19045       5.98    1.000   5.980      6.570     10.453     173.94    54.92
invite          equal           perStrength       100     1000 0.000100    5   10  0.10    5  19145       5.88    1.000   5.880      6.620     10.449     177.29    53.82
invite          equal           perStrength       100     1000 0.000100    5   10  0.10   10  19245       5.85    1.000   5.850      6.820     10.259     176.29    54.05
invite          equal           perStrength       100     1000 0.000100    5   10  0.25    5  19345       5.78    1.000   5.780      6.740     10.236     179.79    53.21
invite          equal           perStrength       100     1000 0.000100    5   10  0.25   10  19445       5.74    1.000   5.740      6.810     10.179     181.99    52.61
invite          equal           perStrength       100     1000 0.001000    5    5  0.00    5  19545      11.77    2.000   5.885      6.740     10.510      89.29    56.12
invite          equal           perStrength       100     1000 0.001000    5    5  0.00   10  19645      11.41    2.000   5.705      6.720     10.361      91.72    55.21
invite          equal           perStrength       100     1000 0.001000    5    5  0.10    5  19745      11.37    2.000   5.685      6.640     10.370      91.80    53.74
invite          equal           perStrength       100     1000 0.001000    5    5  0.10   10  19845      10.90    2.000   5.450      6.590     10.382      94.71    52.33
invite          equal           perStrength       100     1000 0.001000    5    5  0.25    5  19945      11.34    2.000   5.670      6.720     10.328      92.10    53.88
invite          equal           perStrength       100     1000 0.001000    5    5  0.25   10  20045      11.18    2.000   5.590      6.790     10.408      93.43    53.53
invite          equal           perStrength       100     1000 0.001000    5   10  0.00    5  20145       5.76    1.000   5.760      6.600     10.384     181.41    52.97
invite          equal           perStrength       100     1000 0.001000    5   10  0.00   10  20245       6.05    1.000   6.050      6.540     10.531     173.26    55.59
invite          equal           perStrength       100     1000 0.001000    5   10  0.10    5  20345       5.91    1.000   5.910      6.740     10.381     175.24    54.78
invite          equal           perStrength       100     1000 0.001000    5   10  0.10   10  20445       5.87    1.000   5.870      6.650     10.280     179.05    53.77
invite          equal           perStrength       100     1000 0.001000    5   10  0.25    5  20545       5.75    1.000   5.750      6.730     10.352     179.25    52.92
invite          equal           perStrength       100     1000 0.001000    5   10  0.25   10  20645       5.72    1.000   5.720      6.930     10.154     182.17    51.79
invite          equal           perStrength       100     1000 0.010000    5    5  0.00    5  20745      10.69    2.000   5.345      6.580     10.346      96.97    49.18
invite          equal           perStrength       100     1000 0.010000    5    5  0.00   10  20845      10.37    2.000   5.185      6.680     10.258      99.95    49.05
invite          equal           perStrength       100     1000 0.010000    5    5  0.10    5  20945      10.58    2.000   5.290      6.710     10.233      97.40    48.81
invite          equal           perStrength       100     1000 0.010000    5    5  0.10   10  21045      10.63    2.000   5.315      6.850     10.251      98.30    49.85
invite          equal           perStrength       100     1000 0.010000    5    5  0.25    5  21145      10.98    2.000   5.490      6.620     10.371      94.11    50.66
invite          equal           perStrength       100     1000 0.010000    5    5  0.25   10  21245      10.79    2.000   5.395      6.680     10.333      95.86    50.46
invite          equal           perStrength       100     1000 0.010000    5   10  0.00    5  21345       5.82    1.000   5.820      6.760     10.411     179.19    52.66
invite          equal           perStrength       100     1000 0.010000    5   10  0.00   10  21445       5.75    1.000   5.750      6.790     10.266     182.41    52.43
invite          equal           perStrength       100     1000 0.010000    5   10  0.10    5  21545       5.93    1.000   5.930      6.680     10.377     175.44    53.76
invite          equal           perStrength       100     1000 0.010000    5   10  0.10   10  21645       5.60    1.000   5.600      6.740     10.177     184.57    50.77
invite          equal           perStrength       100     1000 0.010000    5   10  0.25    5  21745       5.64    1.000   5.640      6.800     10.183     183.69    50.89
invite          equal           perStrength       100     1000 0.010000    5   10  0.25   10  21845       5.86    1.000   5.860      6.770     10.365     177.07    52.74
invite          randomUniform   one               100     1000 0.000000    5    5  0.00    5  21945      55.96   10.000   5.596      6.730     10.423      18.92    55.96
invite          randomUniform   one               100     1000 0.000000    5    5  0.00   10  22045      55.18   10.000   5.518      6.780     10.406      18.96    55.18
invite          randomUniform   one               100     1000 0.000000    5    5  0.10    5  22145      55.37   10.000   5.537      6.670     10.435      18.99    55.37
invite          randomUniform   one               100     1000 0.000000    5    5  0.10   10  22245      52.54   10.000   5.254      6.770     10.195      19.91    52.54
invite          randomUniform   one               100     1000 0.000000    5    5  0.25    5  22345      55.00   10.000   5.500      6.770     10.471      19.23    55.00
invite          randomUniform   one               100     1000 0.000000    5    5  0.25   10  22445      52.35   10.000   5.235      6.740     10.255      19.86    52.35
invite          randomUniform   one               100     1000 0.000000    5   10  0.00    5  22545      54.21   10.000   5.421      6.950     10.327      19.28    54.21
invite          randomUniform   one               100     1000 0.000000    5   10  0.00   10  22645      53.29   10.000   5.329      6.830     10.252      19.69    53.29
invite          randomUniform   one               100     1000 0.000000    5   10  0.10    5  22745      56.09   10.000   5.609      6.720     10.448      18.60    56.09
invite          randomUniform   one               100     1000 0.000000    5   10  0.10   10  22845      54.06   10.000   5.406      6.670     10.344      19.30    54.06
invite          randomUniform   one               100     1000 0.000000    5   10  0.25    5  22945      52.36   10.000   5.236      6.680     10.182      19.90    52.36
invite          randomUniform   one               100     1000 0.000000    5   10  0.25   10  23045      55.41   10.000   5.541      6.650     10.432      18.95    55.41
invite          randomUniform   one               100     1000 0.000100    5    5  0.00    5  23145      52.82   10.000   5.282      6.600     10.239      19.81    52.82
invite          randomUniform   one               100     1000 0.000100    5    5  0.00   10  23245      54.41   10.000   5.441      6.610     10.449      19.17    53.87
invite          randomUniform   one               100     1000 0.000100    5    5  0.10    5  23345      54.65   10.000   5.465      6.730     10.355      19.24    54.23
invite          randomUniform   one               100     1000 0.000100    5    5  0.10   10  23445      55.85   10.000   5.585      6.640     10.513      18.88    55.58
invite          randomUniform   one               100     1000 0.000100    5    5  0.25    5  23545      53.86   10.000   5.386      6.770     10.317      19.58    53.56
invite          randomUniform   one               100     1000 0.000100    5    5  0.25   10  23645      53.67   10.000   5.367      6.670     10.399      19.65    53.67
invite          randomUniform   one               100     1000 0.000100    5   10  0.00    5  23745      54.30   10.000   5.430      6.660     10.501      19.49    54.22
invite          randomUniform   one               100     1000 0.000100    5   10  0.00   10  23845      54.59   10.000   5.459      6.730     10.361      19.11    54.59
invite          randomUniform   one               100     1000 0.000100    5   10  0.10    5  23945      54.45   10.000   5.445      6.640     10.386      19.24    54.32
invite          randomUniform   one               100     1000 0.000100    5   10  0.10   10  24045      55.82   10.000   5.582      6.680     10.404      18.74    55.82
invite          randomUniform   one               100     1000 0.000100    5   10  0.25    5  24145      53.01   10.000   5.301      6.730     10.260      19.67    53.01
invite          randomUniform   one               100     1000 0.000100    5   10  0.25   10  24245      55.28   10.000   5.528      6.730     10.360      19.06    55.28
invite          randomUniform   one               100     1000 0.001000    5    5  0.00    5  24345      52.29   10.000   5.229      6.650     10.337      19.92    51.38
invite          randomUniform   one               100     1000 0.001000    5    5  0.00   10  24445      52.38   10.000   5.238      6.680     10.274      19.77    51.36
invite          randomUniform   one               100     1000 0.001000    5    5  0.10    5  24545      53.21   10.000   5.321      6.630     10.373      19.75    51.89
invite          randomUniform   one               100     1000 0.001000    5    5  0.10   10  24645      52.16   10.000   5.216      6.810     10.157      19.94    51.40
invite          randomUniform   one               100     1000 0.001000    5    5  0.25    5  24745      51.37   10.000   5.137      6.790     10.223      20.34    50.59
invite          randomUniform   one               100     1000 0.001000    5    5  0.25   10  24845      53.19   10.000   5.319      6.490     10.532      19.40    52.32
invite          randomUniform   one               100     1000 0.001000    5   10  0.00    5  24945      53.46   10.000   5.346      6.680     10.397      19.31    52.30
invite          randomUniform   one               100     1000 0.001000    5   10  0.00   10  25045      54.45   10.000   5.445      6.700     10.468      19.48    53.10
invite          randomUniform   one               100     1000 0.001000    5   10  0.10    5  25145      52.40   10.000   5.240      6.600     10.364      19.87    51.17
invite          randomUniform   one               100     1000 0.001000    5   10  0.10   10  25245      52.33   10.000   5.233      6.770     10.292      19.89    51.70
invite          randomUniform   one               100     1000 0.001000    5   10  0.25    5  25345      51.80   10.000   5.180      6.820     10.268      20.17    51.05
invite          randomUniform   one               100     1000 0.001000    5   10  0.25   10  25445      53.68   10.000   5.368      6.600     10.501      19.52    52.54
invite          randomUniform   one               100     1000 0.010000    5    5  0.00    5  25545      45.23   10.000   4.523      6.630     10.317      22.65    40.37
invite          randomUniform   one               100     1000 0.010000    5    5  0.00   10  25645      46.17   10.000   4.617      6.650     10.459      22.25    40.54
invite          randomUniform   one               100     1000 0.010000    5    5  0.10    5  25745      48.03   10.000   4.803      6.750     10.391      21.38    41.75
invite          randomUniform   one               100     1000 0.010000    5    5  0.10   10  25845      46.60   10.000   4.660      6.740     10.283      22.03    41.72
invite          randomUniform   one               100     1000 0.010000    5    5  0.25    5  25945      47.80   10.000   4.780      6.680     10.453      21.65    41.21
invite          randomUniform   one               100     1000 0.010000    5    5  0.25   10  26045      47.48   10.000   4.748      6.770     10.358      21.75    41.53
invite          randomUniform   one               100     1000 0.010000    5   10  0.00    5  26145      46.56   10.000   4.656      6.560     10.357      22.09    41.33
invite          randomUniform   one               100     1000 0.010000    5   10  0.00   10  26245      47.09   10.000   4.709      6.710     10.295      21.76    42.21
invite          randomUniform   one               100     1000 0.010000    5   10  0.10    5  26345      46.12   10.000   4.612      6.700     10.341      22.24    40.85
invite          randomUniform   one               100     1000 0.010000    5   10  0.10   10  26445      47.77   10.000   4.777      6.620     10.425      21.61    41.47
invite          randomUniform   one               100     1000 0.010000    5   10  0.25    5  26545      46.27   10.000   4.627      6.850     10.296      22.18    40.72
invite          randomUniform   one               100     1000 0.010000    5   10  0.25   10  26645      46.41   10.000   4.641      6.890     10.202      22.20    40.68
invite          randomUniform   perStrength       100     1000 0.000000    5    5  0.00    5  26745      38.22    3.321  11.508      6.880     10.302      29.09    53.81
invite          randomUniform   perStrength       100     1000 0.000000    5    5  0.00   10  26845      38.14    3.361  11.348      6.670     10.426      29.64    54.93
invite          randomUniform   perStrength       100     1000 0.000000    5    5  0.10    5  26945      38.20    3.363  11.358      6.720     10.367      28.80    53.83
invite          randomUniform   perStrength       100     1000 0.000000    5    5  0.10   10  27045      37.33    3.323  11.235      6.760     10.350      29.34    54.53
invite          randomUniform   perStrength       100     1000 0.000000    5    5  0.25    5  27145      39.18    3.326  11.779      6.660     10.498      28.53    55.82
invite          randomUniform   perStrength       100     1000 0.000000    5    5  0.25   10  27245      37.28    3.355  11.111      6.810     10.182      29.45    52.29
invite          randomUniform   perStrength       100     1000 0.000000    5   10  0.00    5  27345      28.84    1.822  15.830      6.770     10.352      38.64    53.30
invite          randomUniform   perStrength       100     1000 0.000000    5   10  0.00   10  27445      30.66    1.823  16.822      6.670     10.373      36.11    53.55
invite          randomUniform   perStrength       100     1000 0.000000    5   10  0.10    5  27545      29.67    1.811  16.384      6.760     10.293      38.21    53.64
invite          randomUniform   perStrength       100     1000 0.000000    5   10  0.10   10  27645      32.86    1.811  18.148      6.660     10.475      35.55    55.50
invite          randomUniform   perStrength       100     1000 0.000000    5   10  0.25    5  27745      29.49    1.828  16.135      6.880     10.102      38.21    51.23
invite          randomUniform   perStrength       100     1000 0.000000    5   10  0.25   10  27845      29.56    1.838  16.086      6.670     10.288      37.93    52.14
invite          randomUniform   perStrength       100     1000 0.000100    5    5  0.00    5  27945      38.43    3.347  11.483      6.650     10.485      28.53    54.35
invite          randomUniform   perStrength       100     1000 0.000100    5    5  0.00   10  28045      36.08    3.352  10.765      6.750     10.266      30.52    53.80
invite          randomUniform   perStrength       100     1000 0.000100    5    5  0.10    5  28145      38.60    3.331  11.588      6.620     10.526      28.29    54.65
invite          randomUniform   perStrength       100     1000 0.000100    5    5  0.10   10  28245      40.97    3.326  12.319      6.730     10.468      27.61    56.39
invite          randomUniform   perStrength       100     1000 0.000100    5    5  0.25    5  28345      35.72    3.331  10.725      6.650     10.292      30.31    53.02
invite          randomUniform   perStrength       100     1000 0.000100    5    5  0.25   10  28445      36.33    3.344  10.865      6.770     10.264      30.05    53.01
invite          randomUniform   perStrength       100     1000 0.000100    5   10  0.00    5  28545      31.16    1.805  17.264      6.640     10.336      36.87    53.25
invite          randomUniform   perStrength       100     1000 0.000100    5   10  0.00   10  28645      32.38    1.819  17.799      6.670     10.356      36.03    53.49
invite          randomUniform   perStrength       100     1000 0.000100    5   10  0.10    5  28745      29.68    1.828  16.240      6.640     10.533      38.00    56.60
invite          randomUniform   perStrength       100     1000 0.000100    5   10  0.10   10  28845      31.39    1.821  17.242      6.650     10.401      36.55    54.52
invite          randomUniform   perStrength       100     1000 0.000100    5   10  0.25    5  28945      33.35    1.824  18.289      6.730     10.318      35.77    54.38
invite          randomUniform   perStrength       100     1000 0.000100    5   10  0.25   10  29045      30.80    1.831  16.820      6.760     10.346      36.70    54.35
invite          randomUniform   perStrength       100     1000 0.001000    5    5  0.00    5  29145      37.14    3.339  11.122      6.690     10.517      29.17    54.44
invite          randomUniform   perStrength       100     1000 0.001000    5    5  0.00   10  29245      34.85    3.325  10.483      6.680     10.460      31.77    54.65
invite          randomUniform   perStrength       100     1000 0.001000    5    5  0.10    5  29345      33.86    3.325  10.185      6.760     10.137      31.59    50.25
invite          randomUniform   perStrength       100     1000 0.001000    5    5  0.10   10  29445      36.98    3.357  11.017      6.780     10.361      29.87    53.19
invite          randomUniform   perStrength       100     1000 0.001000    5    5  0.25    5  29545      36.44    3.353  10.869      6.720     10.280      30.05    52.82
invite          randomUniform   perStrength       100     1000 0.001000    5    5  0.25   10  29645      35.09    3.319  10.573      6.740     10.296      30.67    52.65
invite          randomUniform   perStrength       100     1000 0.001000    5   10  0.00    5  29745      30.30    1.829  16.566      6.850     10.256      37.94    52.67
invite          randomUniform   perStrength       100     1000 0.001000    5   10  0.00   10  29845      29.61    1.814  16.324      6.780     10.285      39.33    52.41
invite          randomUniform   perStrength       100     1000 0.001000    5   10  0.10    5  29945      29.77    1.812  16.427      6.610     10.444      38.02    53.76
invite          randomUniform   perStrength       100     1000 0.001000    5   10  0.10   10  30045      28.90    1.817  15.906      6.770     10.225      38.42    52.00
invite          randomUniform   perStrength       100     1000 0.001000    5   10  0.25    5  30145      28.92    1.822  15.868      6.730     10.244      38.80    53.63
invite          randomUniform   perStrength       100     1000 0.001000    5   10  0.25   10  30245      31.16    1.825  17.077      6.640     10.323      36.33    53.14
invite          randomUniform   perStrength       100     1000 0.010000    5    5  0.00    5  30345      31.74    3.339   9.506      6.680     10.201      33.06    45.35
invite          randomUniform   perStrength       100     1000 0.010000    5    5  0.00   10  30445      31.59    3.334   9.476      6.690     10.356      34.58    47.49
invite          randomUniform   perStrength       100     1000 0.010000    5    5  0.10    5  30545      30.99    3.342   9.274      6.660     10.204      34.42    45.12
invite          randomUniform   perStrength       100     1000 0.010000    5    5  0.10   10  30645      30.48    3.313   9.199      6.610     10.431      34.76    46.92
invite          randomUniform   perStrength       100     1000 0.010000    5    5  0.25    5  30745      30.55    3.322   9.197      6.750     10.375      34.62    47.18
invite          randomUniform   perStrength       100     1000 0.010000    5    5  0.25   10  30845      31.07    3.337   9.310      6.580     10.487      34.29    46.01
invite          randomUniform   perStrength       100     1000 0.010000    5   10  0.00    5  30945      25.91    1.819  14.246      6.640     10.474      42.79    48.74
invite          randomUniform   perStrength       100     1000 0.010000    5   10  0.00   10  31045      24.74    1.827  13.539      6.680     10.232      45.39    46.71
invite          randomUniform   perStrength       100     1000 0.010000    5   10  0.10    5  31145      27.56    1.826  15.096      6.770     10.410      39.95    48.91
invite          randomUniform   perStrength       100     1000 0.010000    5   10  0.10   10  31245      24.78    1.832  13.530      6.570     10.438      44.56    48.91
invite          randomUniform   perStrength       100     1000 0.010000    5   10  0.25    5  31345      24.96    1.807  13.812      6.670     10.555      44.67    47.92
invite          randomUniform   perStrength       100     1000 0.010000    5   10  0.25   10  31445      24.06    1.830  13.148      6.690     10.339      46.81    47.59
