invite          equal           one              1000   100000 0.000000    5    5  0.00    5  12345     747.57  100.000   7.476     69.410    100.305     137.27   747.57
invite          equal           one              1000   100000 0.000000    5    5  0.00   10  12445     738.08  100.000   7.381     69.000    100.280     138.87   738.08
invite          equal           one              1000   100000 0.000000    5    5  0.10    5  12545     750.10  100.000   7.501     69.080    100.198     136.20   750.10
invite          equal           one              1000   100000 0.000000    5    5  0.10   10  12645     756.77  100.000   7.568     69.000    100.231     135.26   756.77
invite          equal           one              1000   100000 0.000000    5    5  0.25    5  12745     766.79  100.000   7.668     68.980    100.552     133.99   766.79
invite          equal           one              1000   100000 0.000000    5    5  0.25   10  12845     758.96  100.000   7.590     69.020    100.482     136.04   758.96
invite          equal           one              1000   100000 0.000000    5   10  0.00    5  12945     744.33  100.000   7.443     69.360    100.222     136.90   744.33
invite          equal           one              1000   100000 0.000000    5   10  0.00   10  13045     742.22  100.000   7.422     69.180    100.473     138.12   742.22
invite          equal           one              1000   100000 0.000000    5   10  0.10    5  13145     755.27  100.000   7.553     68.580    100.845     135.70   755.27
invite          equal           one              1000   100000 0.000000    5   10  0.10   10  13245     739.30  100.000   7.393     68.600    100.758     138.22   739.30
invite          equal           one              1000   100000 0.000000    5   10  0.25    5  13345     773.75  100.000   7.737     68.620    100.754     131.57   773.75
invite          equal           one              1000   100000 0.000000    5   10  0.25   10  13445     766.77  100.000   7.668     69.350    100.175     134.77   766.77
invite          equal           one              1000   100000 0.000100    5    5  0.00    5  13545     727.69  100.000   7.277     69.250    100.267     141.38   704.79
invite          equal           one              1000   100000 0.000100    5    5  0.00   10  13645     734.60  100.000   7.346     68.840    100.854     139.82   725.05
invite          equal           one              1000   100000 0.000100    5    5  0.10    5  13745     732.36  100.000   7.324     68.920    100.088     139.98   718.61
invite          equal           one              1000   100000 0.000100    5    5  0.10   10  13845     730.42  100.000   7.304     68.840    100.486     140.02   713.76
invite          equal           one              1000   100000 0.000100    5    5  0.25    5  13945     715.34  100.000   7.153     68.830    100.450     142.35   702.88
invite          equal           one              1000   100000 0.000100    5    5  0.25   10  14045     725.69  100.000   7.257     69.640     99.806     141.39   708.14
invite          equal           one              1000   100000 0.000100    5   10  0.00    5  14145     725.57  100.000   7.256     69.060    100.488     141.15   705.85
invite          equal           one              1000   100000 0.000100    5   10  0.00   10  14245     741.69  100.000   7.417     68.690    100.945     137.64   719.10
invite          equal           one              1000   100000 0.000100    5   10  0.10    5  14345     731.19  100.000   7.312     68.750    100.657     139.44   717.06
invite          equal           one              1000   100000 0.000100    5   10  0.10   10  14445     722.08  100.000   7.221     69.240    100.396     141.54   703.63
invite          equal           one              1000   100000 0.000100    5   10  0.25    5  14545     742.67  100.000   7.427     68.930    100.867     137.82   723.92
invite          equal           one              1000   100000 0.000100    5   10  0.25   10  14645     736.69  100.000   7.367     69.320    100.321     139.52   727.53
invite          equal           one              1000   100000 0.001000    5    5  0.00    5  14745     590.14  100.000   5.901     69.250    100.423     171.92   527.87
invite          equal           one              1000   100000 0.001000    5    5  0.00   10  14845     591.96  100.000   5.920     69.810     99.887     171.26   532.47
invite          equal           one              1000   100000 0.001000    5    5  0.10    5  14945     597.92  100.000   5.979     69.320    100.329     169.76   519.91
invite          equal           one              1000   100000 0.001000    5    5  0.10   10  15045     583.70  100.000   5.837     69.130    100.387     173.39   525.00
invite          equal           one              1000   100000 0.001000    5    5  0.25    5  15145     597.33  100.000   5.973     68.990    100.430     170.22   530.29
invite          equal           one              1000   100000 0.001000    5    5  0.25   10  15245     595.91  100.000   5.959     69.020    100.192     170.10   532.77
invite          equal           one              1000   100000 0.001000    5   10  0.00    5  15345     606.36  100.000   6.064     69.240    100.408     167.97   535.09
invite          equal           one              1000   100000 0.001000    5   10  0.00   10  15445     601.53  100.000   6.015     69.300    100.509     169.02   523.32
invite          equal           one              1000   100000 0.001000    5   10  0.10    5  15545     589.31  100.000   5.893     69.110     99.965     171.77   533.48
invite          equal           one              1000   100000 0.001000    5   10  0.10   10  15645     611.33  100.000   6.113     69.280    100.526     166.31   545.25
invite          equal           one              1000   100000 0.001000    5   10  0.25    5  15745     595.55  100.000   5.955     69.070    100.338     170.44   528.29
invite          equal           one              1000   100000 0.001000    5   10  0.25   10  15845     599.36  100.000   5.994     69.490     99.881     169.00   536.80
invite          equal           one              1000   100000 0.010000    5    5  0.00    5  15945     375.60  100.000   3.756     69.150    100.201     268.38   237.39
invite          equal           one              1000   100000 0.010000    5    5  0.00   10  16045     373.39  100.000   3.734     69.120    100.188     269.67   241.45
invite          equal           one              1000   100000 0.010000    5    5  0.10    5  16145     374.53  100.000   3.745     69.500     99.633     269.21   243.15
invite          equal           one              1000   100000 0.010000    5    5  0.10   10  16245     375.09  100.000   3.751     68.610    100.655     268.22   240.23
invite          equal           one              1000   100000 0.010000    5    5  0.25    5  16345     380.03  100.000   3.800     68.920    100.820     265.15   242.16
invite          equal           one              1000   100000 0.010000    5    5  0.25   10  16445     373.30  100.000   3.733     68.930    100.920     269.97   237.98
invite          equal           one              1000   100000 0.010000    5   10  0.00    5  16545     373.88  100.000   3.739     69.040     99.964     269.77   232.22
invite          equal           one              1000   100000 0.010000    5   10  0.00   10  16645     370.91  100.000   3.709     68.950    100.369     271.52   244.39
invite          equal           one              1000   100000 0.010000    5   10  0.10    5  16745     372.11  100.000   3.721     69.370    100.033     270.21   240.95
invite          equal           one              1000   100000 0.010000    5   10  0.10   10  16845     373.77  100.000   3.738     69.010    100.179     269.41   243.99
invite          equal           one              1000   100000 0.010000    5   10  0.25    5  16945     370.72  100.000   3.707     69.000    100.251     271.37   247.54
invite          equal           one              1000   100000 0.010000    5   10  0.25   10  17045     371.67  100.000   3.717     69.150    100.681     270.79   237.03
invite          equal           perStrength      1000   100000 0.000000    5    5  0.00    5  17145     146.46   20.000   7.323     69.110     99.750     700.19   730.43
invite          equal           perStrength      1000   100000 0.000000    5    5  0.00   10  17245     150.02   20.000   7.501     69.100    100.074     683.45   747.97
invite          equal           perStrength      1000   100000 0.000000    5    5  0.10    5  17345     153.35   20.000   7.667     68.950    100.608     668.29   764.88
invite          equal           perStrength      1000   100000 0.000000    5    5  0.10   10  17445     150.65   20.000   7.533     68.910    100.367     679.70   751.35
invite          equal           perStrength      1000   100000 0.000000    5    5  0.25    5  17545     147.90   20.000   7.395     68.940    100.277     693.38   737.61
invite          equal           perStrength      1000   100000 0.000000    5    5  0.25   10  17645     151.50   20.000   7.575     69.120    100.721     676.12   755.29
invite          equal           perStrength      1000   100000 0.000000    5   10  0.00    5  17745      75.34   10.000   7.534     69.360    100.148    1372.05   748.84
invite          equal           perStrength      1000   100000 0.000000    5   10  0.00   10  17845      76.19   10.000   7.619     69.120    100.493    1351.55   757.17
invite          equal           perStrength      1000   100000 0.000000    5   10  0.10    5  17945      76.78   10.000   7.678     69.250    100.589    1333.38   763.11
invite          equal           perStrength      1000   100000 0.000000    5   10  0.10   10  18045      75.35   10.000   7.535     68.990    100.152    1359.83   749.02
invite          equal           perStrength      1000   100000 0.000000    5   10  0.25    5  18145      77.12   10.000   7.712     68.970    100.831    1330.84   766.87
invite          equal           perStrength      1000   100000 0.000000    5   10  0.25   10  18245      74.48   10.000   7.448     69.190     99.951    1378.91   740.23
invite          equal           perStrength      1000   100000 0.000100    5    5  0.00    5  18345     152.29   20.000   7.614     68.700    100.807     674.80   758.00
invite          equal           perStrength      1000   100000 0.000100    5    5  0.00   10  18445     149.42   20.000   7.471     69.230    100.289     689.22   739.99
invite          equal           perStrength      1000   100000 0.000100    5    5  0.10    5  18545     150.34   20.000   7.517     69.340    100.426     680.85   748.97
invite          equal           perStrength      1000   100000 0.000100    5    5  0.10   10  18645     149.66   20.000   7.483     68.840    100.592     684.19   743.11
invite          equal           perStrength      1000   100000 0.000100    5    5  0.25    5  18745     147.44   20.000   7.372     69.140    100.359     692.91   731.56
invite          equal           perStrength      1000   100000 0.000100    5    5  0.25   10  18845     150.00   20.000   7.500     68.970    100.774     684.20   736.28
invite          equal           perStrength      1000   100000 0.000100    5   10  0.00    5  18945      74.25   10.000   7.425     69.230    100.089    1378.22   736.81
invite          equal           perStrength      1000   100000 0.000100    5   10  0.00   10  19045      73.94   10.000   7.394     69.070    100.358    1389.27   731.93
invite          equal           perStrength      1000   100000 0.000100    5   10  0.10    5  19145      75.03   10.000   7.503     68.750    100.540    1371.40   741.25
invite          equal           perStrength      1000   100000 0.000100    5   10  0.10   10  19245      76.74   10.000   7.674     68.960    100.765    1341.97   762.88
invite          equal           perStrength      1000   100000 0.000100    5   10  0.25    5  19345      75.29   10.000   7.529     69.080    100.499    1360.71   746.85
invite          equal           perStrength      1000   100000 0.000100    5   10  0.25   10  19445      74.84   10.000   7.484     69.390     99.942    1364.31   742.53
invite          equal           perStrength      1000   100000 0.001000    5    5  0.00    5  19545     139.57   20.000   6.978     69.250    100.129     726.99   671.90
invite          equal           perStrength      1000   100000 0.001000    5    5  0.00   10  19645     134.01   20.000   6.700     69.240     99.865     760.96   643.22
invite          equal           perStrength      1000   100000 0.001000    5    5  0.10    5  19745     141.20   20.000   7.060     69.390    100.336     722.73   674.49
invite          equal           perStrength      1000   100000 0.001000    5    5  0.10   10  19845     145.96   20.000   7.298     69.030    100.663     707.05   697.47
invite          equal           perStrength      1000   100000 0.001000    5    5  0.25    5  19945     138.30   20.000   6.915     68.680    100.638     736.92   663.55
invite          equal           perStrength      1000   100000 0.001000    5    5  0.25   10  20045     141.99   20.000   7.100     68.960    100.684     720.07   685.89
invite          equal           perStrength      1000   100000 0.001000    5   10  0.00    5  20145      73.70   10.000   7.370     68.990    100.328    1384.71   703.66
invite          equal           perStrength      1000   100000 0.001000    5   10  0.00   10  20245      74.10   10.000   7.410     68.790    100.583    1392.92   731.72
invite          equal           perStrength      1000   100000 0.001000    5   10  0.10    5  20345      74.36   10.000   7.436     69.000    100.763    1374.70   724.51
invite          equal           perStrength      1000   100000 0.001000    5   10  0.10   10  20445      73.26   10.000   7.326     69.160    100.493    1400.76   707.47
invite          equal           perStrength      1000   100000 0.001000    5   10  0.25    5  20545      71.61   10.000   7.161     69.310    100.121    1422.98   695.48
invite          equal           perStrength      1000   100000 0.001000    5   10  0.25   10  20645      72.91   10.000   7.291     69.310    100.055    1399.65   701.80
invite          equal           perStrength      1000   100000 0.010000    5    5  0.00    5  20745     107.69   20.000   5.385     69.170    100.050     942.70   455.80
invite          equal           perStrength      1000   100000 0.010000    5    5  0.00   10  20845     107.06   20.000   5.353     69.090    100.760     943.46   457.24
invite          equal           perStrength      1000   100000 0.010000    5    5  0.10    5  20945     107.53   20.000   5.377     69.410    100.395     939.27   443.47
invite          equal           perStrength      1000   100000 0.010000    5    5  0.10   10  21045     103.44   20.000   5.172     69.120     99.915     978.72   436.40
invite          equal           perStrength      1000   100000 0.010000    5    5  0.25    5  21145     106.71   20.000   5.335     68.900    100.805     945.71   453.12
invite          equal           perStrength      1000   100000 0.010000    5    5  0.25   10  21245     106.01   20.000   5.301     69.130    100.151     955.48   445.65
invite          equal           perStrength      1000   100000 0.010000    5   10  0.00    5  21345      60.94   10.000   6.094     69.170    100.376    1663.67   532.80
invite          equal           perStrength      1000   100000 0.010000    5   10  0.00   10  21445      59.80   10.000   5.980     68.990    100.331    1700.29   522.39
invite          equal           perStrength      1000   100000 0.010000    5   10  0.10    5  21545      61.98   10.000   6.198     69.100    100.477    1644.43   532.01
invite          equal           perStrength      1000   100000 0.010000    5   10  0.10   10  21645      58.65   10.000   5.865     68.860    100.098    1733.22   524.72
invite          equal           perStrength      1000   100000 0.010000    5   10  0.25    5  21745      58.69   10.000   5.869     69.120    100.297    1723.68   529.48
invite          equal           perStrength      1000   100000 0.010000    5   10  0.25   10  21845      59.91   10.000   5.991     68.970    100.346    1694.66   526.33
invite          randomUniform   one              1000   100000 0.000000    5    5  0.00    5  21945     743.15  100.000   7.431     69.190    100.007     137.60   743.15
invite          randomUniform   one              1000   100000 0.000000    5    5  0.00   10  22045     772.20  100.000   7.722     69.340    100.287     132.95   772.20
invite          randomUniform   one              1000   100000 0.000000    5    5  0.10    5  22145     751.08  100.000   7.511     68.980    100.601     135.73   751.08
invite          randomUniform   one              1000   100000 0.000000    5    5  0.10   10  22245     754.04  100.000   7.540     68.990    100.593     136.25   754.04
invite          randomUniform   one              1000   100000 0.000000    5    5  0.25    5  22345     733.47  100.000   7.335     68.950    100.468     139.19   733.47
invite          randomUniform   one              1000   100000 0.000000    5    5  0.25   10  22445     771.30  100.000   7.713     68.670    100.607     133.25   771.30
invite          randomUniform   one              1000   100000 0.000000    5   10  0.00    5  22545     750.69  100.000   7.507     68.890    100.299     136.38   750.69
invite          randomUniform   one              1000   100000 0.000000    5   10  0.00   10  22645     758.19  100.000   7.582     68.700    100.853     134.92   758.19
invite          randomUniform   one              1000   100000 0.000000    5   10  0.10    5  22745     761.45  100.000   7.615     69.460    100.323     134.39   761.45
invite          randomUniform   one              1000   100000 0.000000    5   10  0.10   10  22845     737.76  100.000   7.378     69.320     99.876     139.06   737.76
invite          randomUniform   one              1000   100000 0.000000    5   10  0.25    5  22945     738.20  100.000   7.382     69.180     99.811     138.72   738.20
invite          randomUniform   one              1000   100000 0.000000    5   10  0.25   10  23045     753.99  100.000   7.540     69.040    100.390     135.90   753.99
invite          randomUniform   one              1000   100000 0.000100    5    5  0.00    5  23145     746.35  100.000   7.463     68.680    101.356     137.46   720.58
invite          randomUniform   one              1000   100000 0.000100    5    5  0.00   10  23245     721.42  100.000   7.214     69.420    100.407     142.53   697.44
invite          randomUniform   one              1000   100000 0.000100    5    5  0.10    5  23345     704.83  100.000   7.048     69.020    100.381     144.71   690.13
invite          randomUniform   one              1000   100000 0.000100    5    5  0.10   10  23445     707.27  100.000   7.073     68.900    100.091     144.83   693.64
invite          randomUniform   one              1000   100000 0.000100    5    5  0.25    5  23545     729.32  100.000   7.293     69.260    100.255     139.21   717.61
invite          randomUniform   one              1000   100000 0.000100    5    5  0.25   10  23645     728.83  100.000   7.288     69.300    100.219     140.42   719.92
invite          randomUniform   one              1000   100000 0.000100    5   10  0.00    5  23745     709.79  100.000   7.098     69.170     99.964     143.19   697.74
invite          randomUniform   one              1000   100000 0.000100    5   10  0.00   10  23845     725.93  100.000   7.259     69.140    100.240     140.95   707.37
invite          randomUniform   one              1000   100000 0.000100    5   10  0.10    5  23945     730.28  100.000   7.303     69.100    100.408     140.39   716.57
invite          randomUniform   one              1000   100000 0.000100    5   10  0.10   10  24045     712.32  100.000   7.123     69.060    100.001     143.28   699.35
invite          randomUniform   one              1000   100000 0.000100    5   10  0.25    5  24145     710.78  100.000   7.108     69.290     99.967     144.18   699.11
invite          randomUniform   one              1000   100000 0.000100    5   10  0.25   10  24245     721.10  100.000   7.211     69.190    100.365     142.01   702.62
invite          randomUniform   one              1000   100000 0.001000    5    5  0.00    5  24345     595.54  100.000   5.955     69.310    100.524     170.52   522.07
invite          randomUniform   one              1000   100000 0.001000    5    5  0.00   10  24445     595.64  100.000   5.956     68.910    100.755     170.08   525.58
invite          randomUniform   one              1000   100000 0.001000    5    5  0.10    5  24545     604.44  100.000   6.044     69.050    100.603     168.16   536.34
invite          randomUniform   one              1000   100000 0.001000    5    5  0.10   10  24645     587.54  100.000   5.875     68.970    100.311     172.16   533.33
invite          randomUniform   one              1000   100000 0.001000    5    5  0.25    5  24745     592.53  100.000   5.925     68.980    100.749     171.00   520.45
invite          randomUniform   one              1000   100000 0.001000    5    5  0.25   10  24845     587.89  100.000   5.879     69.100     99.849     172.51   513.72
invite          randomUniform   one              1000   100000 0.001000    5   10  0.00    5  24945     590.35  100.000   5.904     69.230    100.178     171.67   527.93
invite          randomUniform   one              1000   100000 0.001000    5   10  0.00   10  25045     598.48  100.000   5.985     69.130    100.490     169.23   535.38
invite          randomUniform   one              1000   100000 0.001000    5   10  0.10    5  25145     594.39  100.000   5.944     69.570    100.157     170.85   532.38
invite          randomUniform   one              1000   100000 0.001000    5   10  0.10   10  25245     591.05  100.000   5.910     68.990    100.494     171.53   525.09
invite          randomUniform   one              1000   100000 0.001000    5   10  0.25    5  25345     596.25  100.000   5.963     69.120    100.169     170.01   533.60
invite          randomUniform   one              1000   100000 0.001000    5   10  0.25   10  25445     591.05  100.000   5.910     68.920    100.303     171.41   523.78
invite          randomUniform   one              1000   100000 0.010000    5    5  0.00    5  25545     372.19  100.000   3.722     68.980    100.627     270.31   236.10
invite          randomUniform   one              1000   100000 0.010000    5    5  0.00   10  25645     371.02  100.000   3.710     68.930    100.931     271.36   246.21
invite          randomUniform   one              1000   100000 0.010000    5    5  0.10    5  25745     374.49  100.000   3.745     69.500     99.578     268.86   240.16
invite          randomUniform   one              1000   100000 0.010000    5    5  0.10   10  25845     372.76  100.000   3.728     69.070    100.109     270.37   236.72
invite          randomUniform   one              1000   100000 0.010000    5    5  0.25    5  25945     369.90  100.000   3.699     69.090    100.518     271.90   242.22
invite          randomUniform   one              1000   100000 0.010000    5    5  0.25   10  26045     373.19  100.000   3.732     69.300    100.356     269.61   235.44
invite          randomUniform   one              1000   100000 0.010000    5   10  0.00    5  26145     367.34  100.000   3.673     68.960    100.390     274.16   238.46
invite          randomUniform   one              1000   100000 0.010000    5   10  0.00   10  26245     371.46  100.000   3.715     69.070    100.220     270.76   240.54
invite          randomUniform   one              1000   100000 0.010000    5   10  0.10    5  26345     369.72  100.000   3.697     69.540    100.148     272.39   242.39
invite          randomUniform   one              1000   100000 0.010000    5   10  0.10   10  26445     373.64  100.000   3.736     69.180    100.127     269.64   238.71
invite          randomUniform   one              1000   100000 0.010000    5   10  0.25    5  26545     372.86  100.000   3.729     69.350    100.158     270.36   237.26
invite          randomUniform   one              1000   100000 0.010000    5   10  0.25   10  26645     379.47  100.000   3.795     69.320     99.954     266.08   239.16
invite          randomUniform   perStrength      1000   100000 0.000000    5    5  0.00    5  26745     599.73   33.299  18.010     69.100    100.617     172.29   757.43
invite          randomUniform   perStrength      1000   100000 0.000000    5    5  0.00   10  26845     568.60   33.290  17.080     68.710    100.935     182.20   776.49
invite          randomUniform   perStrength      1000   100000 0.000000    5    5  0.10    5  26945     577.26   33.417  17.275     69.230     99.951     180.48   744.88
invite          randomUniform   perStrength      1000   100000 0.000000    5    5  0.10   10  27045     582.92   33.293  17.509     69.150    100.149     177.79   746.37
invite          randomUniform   perStrength      1000   100000 0.000000    5    5  0.25    5  27145     584.86   33.364  17.529     69.030    100.240     176.28   762.61
invite          randomUniform   perStrength      1000   100000 0.000000    5    5  0.25   10  27245     596.25   33.347  17.880     68.990    100.532     173.82   750.90
invite          randomUniform   perStrength      1000   100000 0.000000    5   10  0.00    5  27345     534.43   18.213  29.344     69.340    100.428     197.23   752.23
invite          randomUniform   perStrength      1000   100000 0.000000    5   10  0.00   10  27445     503.32   18.194  27.664     69.070    100.206     205.18   746.52
invite          randomUniform   perStrength      1000   100000 0.000000    5   10  0.10    5  27545     527.83   18.159  29.067     69.000    100.323     198.10   762.49
invite          randomUniform   perStrength      1000   100000 0.000000    5   10  0.10   10  27645     521.53   18.208  28.643     69.520     99.995     202.78   746.41
invite          randomUniform   perStrength      1000   100000 0.000000    5   10  0.25    5  27745     517.96   18.188  28.478     69.540    100.267     202.78   743.39
invite          randomUniform   perStrength      1000   100000 0.000000    5   10  0.25   10  27845     527.47   18.136  29.084     69.360     99.920     200.81   759.13
invite          randomUniform   perStrength      1000   100000 0.000100    5    5  0.00    5  27945     597.02   33.328  17.913     69.040    100.424     173.97   732.54
invite          randomUniform   perStrength      1000   100000 0.000100    5    5  0.00   10  28045     570.52   33.322  17.122     69.190    100.227     181.54   742.71
invite          randomUniform   perStrength      1000   100000 0.000100    5    5  0.10    5  28145     554.38   33.396  16.600     69.150     99.961     188.88   727.66
invite          randomUniform   perStrength      1000   100000 0.000100    5    5  0.10   10  28245     577.74   33.272  17.364     68.990    100.502     178.06   725.44
invite          randomUniform   perStrength      1000   100000 0.000100    5    5  0.25    5  28345     564.74   33.329  16.945     69.120    100.356     182.83   733.64
invite          randomUniform   perStrength      1000   100000 0.000100    5    5  0.25   10  28445     583.30   33.331  17.500     69.160    100.465     178.12   730.26
invite          randomUniform   perStrength      1000   100000 0.000100    5   10  0.00    5  28545     477.08   18.172  26.253     69.360     99.924     218.83   722.85
invite          randomUniform   perStrength      1000   100000 0.000100    5   10  0.00   10  28645     505.03   18.231  27.702     68.870    100.537     206.32   743.21
invite          randomUniform   perStrength      1000   100000 0.000100    5   10  0.10    5  28745     505.32   18.173  27.806     69.110    100.653     207.87   751.30
invite          randomUniform   perStrength      1000   100000 0.000100    5   10  0.10   10  28845     505.69   18.211  27.769     69.290    100.338     207.30   737.02
invite          randomUniform   perStrength      1000   100000 0.000100    5   10  0.25    5  28945     485.67   18.145  26.767     69.070    100.025     217.57   731.80
invite          randomUniform   perStrength      1000   100000 0.000100    5   10  0.25   10  29045     498.29   18.204  27.373     69.430     99.952     213.63   740.83
invite          randomUniform   perStrength      1000   100000 0.001000    5    5  0.00    5  29145     432.27   33.289  12.986     69.210    100.335     236.72   609.02
invite          randomUniform   perStrength      1000   100000 0.001000    5    5  0.00   10  29245     435.52   33.396  13.041     69.040    100.042     236.51   610.48
invite          randomUniform   perStrength      1000   100000 0.001000    5    5  0.10    5  29345     435.47   33.377  13.047     69.500     99.916     235.41   640.31
invite          randomUniform   perStrength      1000   100000 0.001000    5    5  0.10   10  29445     448.57   33.406  13.428     69.460    100.026     228.76   623.89
invite          randomUniform   perStrength      1000   100000 0.001000    5    5  0.25    5  29545     442.21   33.315  13.273     68.920    100.428     231.07   618.40
invite          randomUniform   perStrength      1000   100000 0.001000    5    5  0.25   10  29645     443.25   33.305  13.309     69.490     99.979     231.65   617.68
invite          randomUniform   perStrength      1000   100000 0.001000    5   10  0.00    5  29745     376.31   18.191  20.686     69.210    100.082     273.13   628.77
invite          randomUniform   perStrength      1000   100000 0.001000    5   10  0.00   10  29845     390.71   18.207  21.459     69.370    100.002     264.37   637.52
invite          randomUniform   perStrength      1000   100000 0.001000    5   10  0.10    5  29945     400.14   18.190  21.997     68.990    100.521     259.48   640.63
invite          randomUniform   perStrength      1000   100000 0.001000    5   10  0.10   10  30045     396.92   18.148  21.872     69.310    100.397     262.13   667.63
invite          randomUniform   perStrength      1000   100000 0.001000    5   10  0.25    5  30145     398.06   18.204  21.866     68.910    100.847     261.60   661.82
invite          randomUniform   perStrength      1000   100000 0.001000    5   10  0.25   10  30245     394.62   18.162  21.728     68.650    100.770     262.57   662.04
invite          randomUniform   perStrength      1000   100000 0.010000    5    5  0.00    5  30345     230.77   33.317   6.927     69.350    100.131     439.77   363.96
invite          randomUniform   perStrength      1000   100000 0.010000    5    5  0.00   10  30445     231.66   33.330   6.950     68.760    100.380     438.61   366.25
invite          randomUniform   perStrength      1000   100000 0.010000    5    5  0.10    5  30545     234.36   33.426   7.011     69.630     99.971     432.32   370.81
invite          randomUniform   perStrength      1000   100000 0.010000    5    5  0.10   10  30645     228.65   33.333   6.859     68.590    100.359     443.20   370.31
invite          randomUniform   perStrength      1000   100000 0.010000    5    5  0.25    5  30745     232.94   33.329   6.989     69.000    100.642     435.88   371.29
invite          randomUniform   perStrength      1000   100000 0.010000    5    5  0.25   10  30845     234.64   33.435   7.018     69.170    100.054     432.52   375.23
invite          randomUniform   perStrength      1000   100000 0.010000    5   10  0.00    5  30945     193.69   18.153  10.670     68.880    100.232     528.86   424.32
invite          randomUniform   perStrength      1000   100000 0.010000    5   10  0.00   10  31045     200.02   18.201  10.989     69.520    100.393     513.71   419.67
invite          randomUniform   perStrength      1000   100000 0.010000    5   10  0.10    5  31145     194.07   18.180  10.675     69.220    100.216     526.10   430.75
invite          randomUniform   perStrength      1000   100000 0.010000    5   10  0.10   10  31245     196.78   18.248  10.784     68.910    100.357     519.23   427.11
invite          randomUniform   perStrength      1000   100000 0.010000    5   10  0.25    5  31345     193.06   18.190  10.614     69.340    100.492     529.59   417.44
invite          randomUniform   perStrength      1000   100000 0.010000    5   10  0.25   10  31445     189.43   18.235  10.388     68.690    100.586     538.76   443.21
