churn           equal           one               100    10000 0.000000   -1    1 -1.00   -1  12345     504.33  100.000   5.043     68.020     98.364      20.58   504.33
churn           equal           one               100    10000 0.000010   -1    1 -1.00   -1  12445     507.32  100.000   5.073     69.410     98.376      20.66   506.67
churn           equal           one               100    10000 0.000050   -1    1 -1.00   -1  12545     516.12  100.000   5.161     68.470     98.818      20.24   511.68
churn           equal           one               100    10000 0.000100   -1    1 -1.00   -1  12645     530.27  100.000   5.303     68.330    100.400      19.70   519.85
churn           equal           one               100    10000 0.000500   -1    1 -1.00   -1  12745     481.42  100.000   4.814     67.640    100.053      21.48   447.16
churn           equal           one               100    10000 0.001000   -1    1 -1.00   -1  12845     445.73  100.000   4.457     69.680     97.856      23.09   390.40
churn           equal           one               100    10000 0.005000   -1    1 -1.00   -1  12945     342.60  100.000   3.426     70.090     97.761      29.78   248.74
churn           equal           one               100    10000 0.010000   -1    1 -1.00   -1  13045     303.92  100.000   3.039     68.610     99.181      33.32   191.99
churn           equal           one               100    10000 0.025000   -1    1 -1.00   -1  13145     252.37  100.000   2.524     69.560     98.638      39.92    84.04
churn           equal           one               100    10000 0.050000   -1    1 -1.00   -1  13245     220.60  100.000   2.206     68.990     99.192      45.56    38.86
churn           equal           one               100    10000 0.075000   -1    1 -1.00   -1  13345     204.21  100.000   2.042     68.590     98.407      49.25    20.23
churn           equal           one               100    10000 0.100000   -1    1 -1.00   -1  13445     192.65  100.000   1.927     67.850     98.524      52.17    15.62
churn           equal           perStrength       100    10000 0.000000   -1    1 -1.00   -1  13545     527.18  100.000   5.272     68.450     98.899      20.07   527.18
churn           equal           perStrength       100    10000 0.000010   -1    1 -1.00   -1  13645     505.57  100.000   5.056     68.710     97.406      20.57   505.57
churn           equal           perStrength       100    10000 0.000050   -1    1 -1.00   -1  13745     522.42  100.000   5.224     69.070     98.871      20.20   518.58
churn           equal           perStrength       100    10000 0.000100   -1    1 -1.00   -1  13845     518.21  100.000   5.182     67.080    100.576      20.08   501.84
churn           equal           perStrength       100    10000 0.000500   -1    1 -1.00   -1  13945     482.05  100.000   4.821     67.520    100.060      21.42   451.20
churn           equal           perStrength       100    10000 0.001000   -1    1 -1.00   -1  14045     447.78  100.000   4.478     68.510     99.009      23.16   391.65
churn           equal           perStrength       100    10000 0.005000   -1    1 -1.00   -1  14145     351.31  100.000   3.513     70.360     97.464      28.92   250.59
churn           equal           perStrength       100    10000 0.010000   -1    1 -1.00   -1  14245     308.51  100.000   3.085     68.300     99.821      32.84   178.55
churn           equal           perStrength       100    10000 0.025000   -1    1 -1.00   -1  14345     253.71  100.000   2.537     69.040     99.203      39.78    80.91
churn           equal           perStrength       100    10000 0.050000   -1    1 -1.00   -1  14445     220.63  100.000   2.206     69.000     99.251      45.67    30.67
churn           equal           perStrength       100    10000 0.075000   -1    1 -1.00   -1  14545     202.28  100.000   2.023     69.120     98.810      49.76    21.15
churn           equal           perStrength       100    10000 0.100000   -1    1 -1.00   -1  14645     194.49  100.000   1.945     68.690     99.812      51.66    14.82
churn           randomUniform   one               100    10000 0.000000   -1    1 -1.00   -1  14745     513.58  100.000   5.136     69.290     98.964      20.23   513.58
churn           randomUniform   one               100    10000 0.000010   -1    1 -1.00   -1  14845     523.62  100.000   5.236     68.590     99.177      19.88   523.18
churn           randomUniform   one               100    10000 0.000050   -1    1 -1.00   -1  14945     517.14  100.000   5.171     68.540     99.287      20.50   514.72
churn           randomUniform   one               100    10000 0.000100   -1    1 -1.00   -1  15045     504.28  100.000   5.043     68.550     98.497      20.57   497.56
churn           randomUniform   one               100    10000 0.000500   -1    1 -1.00   -1  15145     464.04  100.000   4.640     68.750     99.103      22.23   428.96
churn           randomUniform   one               100    10000 0.001000   -1    1 -1.00   -1  15245     447.60  100.000   4.476     68.630     99.094      22.95   399.10
churn           randomUniform   one               100    10000 0.005000   -1    1 -1.00   -1  15345     350.88  100.000   3.509     67.750     99.539      28.99   250.31
churn           randomUniform   one               100    10000 0.010000   -1    1 -1.00   -1  15445     306.19  100.000   3.062     68.910     98.968      33.20   177.22
churn           randomUniform   one               100    10000 0.025000   -1    1 -1.00   -1  15545     258.52  100.000   2.585     68.870     98.711      39.06    83.26
churn           randomUniform   one               100    10000 0.050000   -1    1 -1.00   -1  15645     220.60  100.000   2.206     68.570     99.713      45.65    33.65
churn           randomUniform   one               100    10000 0.075000   -1    1 -1.00   -1  15745     205.61  100.000   2.056     67.550     99.784      48.93    16.74
churn           randomUniform   one               100    10000 0.100000   -1    1 -1.00   -1  15845     192.78  100.000   1.928     67.800     99.418      52.10    13.34
churn           randomUniform   perStrength       100    10000 0.000000   -1    1 -1.00   -1  15945     549.67  100.000   5.497     67.970    100.306      19.43   549.67
churn           randomUniform   perStrength       100    10000 0.000010   -1    1 -1.00   -1  16045     525.64  100.000   5.256     69.070     98.792      19.85   523.92
churn           randomUniform   perStrength       100    10000 0.000050   -1    1 -1.00   -1  16145     497.21  100.000   4.972     69.950     98.047      21.23   495.31
churn           randomUniform   perStrength       100    10000 0.000100   -1    1 -1.00   -1  16245     522.85  100.000   5.229     67.560    101.103      20.04   513.07
churn           randomUniform   perStrength       100    10000 0.000500   -1    1 -1.00   -1  16345     473.66  100.000   4.737     69.390     98.942      21.90   436.50
churn           randomUniform   perStrength       100    10000 0.001000   -1    1 -1.00   -1  16445     455.31  100.000   4.553     68.340    100.028      22.74   413.01
churn           randomUniform   perStrength       100    10000 0.005000   -1    1 -1.00   -1  16545     353.30  100.000   3.533     68.380    100.138      28.87   256.85
churn           randomUniform   perStrength       100    10000 0.010000   -1    1 -1.00   -1  16645     303.64  100.000   3.036     69.240     97.170      33.44   179.17
churn           randomUniform   perStrength       100    10000 0.025000   -1    1 -1.00   -1  16745     253.41  100.000   2.534     69.510     98.561      39.84    85.17
churn           randomUniform   perStrength       100    10000 0.050000   -1    1 -1.00   -1  16845     221.12  100.000   2.211     68.800     97.497      45.58    36.00
churn           randomUniform   perStrength       100    10000 0.075000   -1    1 -1.00   -1  16945     203.60  100.000   2.036     69.610     97.073      49.37    19.62
churn           randomUniform   perStrength       100    10000 0.100000   -1    1 -1.00   -1  17045     193.75  100.000   1.938     67.770     99.845      51.79    13.83
