neighbors       equal           one              1000    10000 0.000000    5    5  0.00    5  12345      59.94   10.000   5.994      6.880     10.467     171.86    56.93
neighbors       equal           one              1000    10000 0.000000    5    5  0.00   10  12445      58.81   10.000   5.881      6.870     10.493     173.26    55.87
neighbors       equal           one              1000    10000 0.000000    5    5  0.10    5  12545      61.74   10.000   6.174      6.870     10.452     165.66    59.62
neighbors       equal           one              1000    10000 0.000000    5    5  0.10   10  12645      58.51   10.000   5.851      6.890     10.441     174.89    56.29
neighbors       equal           one              1000    10000 0.000000    5    5  0.25    5  12745      60.56   10.000   6.056      6.860     10.500     169.91    58.67
neighbors       equal           one              1000    10000 0.000000    5    5  0.25   10  12845      59.74   10.000   5.974      6.880     10.482     171.94    58.24
neighbors       equal           one              1000    10000 0.000000    5   10  0.00    5  12945      58.83   10.000   5.883      6.870     10.458     174.73    56.40
neighbors       equal           one              1000    10000 0.000000    5   10  0.00   10  13045      59.47   10.000   5.947      6.820     10.481     172.44    56.67
neighbors       equal           one              1000    10000 0.000000    5   10  0.10    5  13145      61.10   10.000   6.110      6.820     10.523     168.03    59.27
neighbors       equal           one              1000    10000 0.000000    5   10  0.10   10  13245      59.67   10.000   5.967      6.840     10.524     171.94    57.40
neighbors       equal           one              1000    10000 0.000000    5   10  0.25    5  13345      60.45   10.000   6.045      6.860     10.473     169.63    58.42
neighbors       equal           one              1000    10000 0.000000    5   10  0.25   10  13445      58.83   10.000   5.883      6.840     10.480     174.13    56.88
neighbors       equal           one              1000    10000 0.000100    5    5  0.00    5  13545      61.24   10.000   6.124      6.910     10.448     168.35    58.50
neighbors       equal           one              1000    10000 0.000100    5    5  0.00   10  13645      59.23   10.000   5.923      6.880     10.530     172.66    56.28
neighbors       equal           one              1000    10000 0.000100    5    5  0.10    5  13745      59.07   10.000   5.907      6.870     10.449     174.07    56.29
neighbors       equal           one              1000    10000 0.000100    5    5  0.10   10  13845      59.44   10.000   5.944      6.850     10.478     172.97    57.41
neighbors       equal           one              1000    10000 0.000100    5    5  0.25    5  13945      59.78   10.000   5.978      6.850     10.487     171.05    58.00
neighbors       equal           one              1000    10000 0.000100    5    5  0.25   10  14045      58.99   10.000   5.899      6.900     10.438     173.56    57.56
neighbors       equal           one              1000    10000 0.000100    5   10  0.00    5  14145      58.41   10.000   5.841      6.870     10.493     175.45    56.04
neighbors       equal           one              1000    10000 0.000100    5   10  0.00   10  14245      58.42   10.000   5.842      6.850     10.517     174.26    55.32
neighbors       equal           one              1000    10000 0.000100    5   10  0.10    5  14345      59.07   10.000   5.907      6.860     10.513     174.09    57.50
neighbors       equal           one              1000    10000 0.000100    5   10  0.10   10  14445      59.39   10.000   5.939      6.840     10.476     173.39    56.51
neighbors       equal           one              1000    10000 0.000100    5   10  0.25    5  14545      60.32   10.000   6.032      6.810     10.528     170.12    58.71
neighbors       equal           one              1000    10000 0.000100    5   10  0.25   10  14645      60.09   10.000   6.009      6.910     10.455     171.18    58.06
neighbors       equal           one              1000    10000 0.001000    5    5  0.00    5  14745      59.29   10.000   5.929      6.890     10.479     173.64    56.34
neighbors       equal           one              1000    10000 0.001000    5    5  0.00   10  14845      57.82   10.000   5.782      6.940     10.436     176.82    54.31
neighbors       equal           one              1000    10000 0.001000    5    5  0.10    5  14945      60.04   10.000   6.004      6.920     10.471     169.94    57.09
neighbors       equal           one              1000    10000 0.001000    5    5  0.10   10  15045      57.01   10.000   5.701      6.850     10.438     178.22    54.07
neighbors       equal           one              1000    10000 0.001000    5    5  0.25    5  15145      57.46   10.000   5.746      6.860     10.471     177.73    55.21
neighbors       equal           one              1000    10000 0.001000    5    5  0.25   10  15245      56.38   10.000   5.638      6.880     10.471     180.91    53.92
neighbors       equal           one              1000    10000 0.001000    5   10  0.00    5  15345      58.03   10.000   5.803      6.890     10.480     176.67    54.81
neighbors       equal           one              1000    10000 0.001000    5   10  0.00   10  15445      57.55   10.000   5.755      6.840     10.495     177.57    53.91
neighbors       equal           one              1000    10000 0.001000    5   10  0.10    5  15545      57.21   10.000   5.721      6.890     10.434     179.69    54.51
neighbors       equal           one              1000    10000 0.001000    5   10  0.10   10  15645      59.35   10.000   5.935      6.840     10.500     173.07    56.03
neighbors       equal           one              1000    10000 0.001000    5   10  0.25    5  15745      58.68   10.000   5.868      6.870     10.467     174.82    56.65
neighbors       equal           one              1000    10000 0.001000    5   10  0.25   10  15845      56.46   10.000   5.646      6.880     10.435     180.85    53.92
neighbors       equal           one              1000    10000 0.010000    5    5  0.00    5  15945      51.11   10.000   5.111      6.860     10.441     198.39    44.87
neighbors       equal           one              1000    10000 0.010000    5    5  0.00   10  16045      51.03   10.000   5.103      6.880     10.450     199.88    44.56
neighbors       equal           one              1000    10000 0.010000    5    5  0.10    5  16145      50.25   10.000   5.025      6.910     10.399     203.35    45.18
neighbors       equal           one              1000    10000 0.010000    5    5  0.10   10  16245      49.48   10.000   4.948      6.790     10.501     204.69    43.14
neighbors       equal           one              1000    10000 0.010000    5    5  0.25    5  16345      51.21   10.000   5.121      6.890     10.506     198.58    45.73
neighbors       equal           one              1000    10000 0.010000    5    5  0.25   10  16445      50.03   10.000   5.003      6.870     10.524     202.77    45.01
neighbors       equal           one              1000    10000 0.010000    5   10  0.00    5  16545      51.18   10.000   5.118      6.860     10.432     198.68    45.41
neighbors       equal           one              1000    10000 0.010000    5   10  0.00   10  16645      50.66   10.000   5.066      6.900     10.478     200.42    43.52
neighbors       equal           one              1000    10000 0.010000    5   10  0.10    5  16745      50.10   10.000   5.010      6.870     10.428     202.02    44.98
neighbors       equal           one              1000    10000 0.010000    5   10  0.10   10  16845      51.08   10.000   5.108      6.870     10.455     199.17    45.00
neighbors       equal           one              1000    10000 0.010000    5   10  0.25    5  16945      51.40   10.000   5.140      6.920     10.466     198.90    45.25
neighbors       equal           one              1000    10000 0.010000    5   10  0.25   10  17045      51.50   10.000   5.150      6.880     10.522     197.66    45.25
neighbors       equal           perStrength      1000    10000 0.000000    5    5  0.00    5  17145      13.47    2.000   6.735      6.940     10.406     758.38    62.51
neighbors       equal           perStrength      1000    10000 0.000000    5    5  0.00   10  17245      13.72    2.000   6.860      6.860     10.464     742.90    62.76
neighbors       equal           perStrength      1000    10000 0.000000    5    5  0.10    5  17345      14.07    2.000   7.035      6.830     10.515     729.06    64.83
neighbors       equal           perStrength      1000    10000 0.000000    5    5  0.10   10  17445      13.68    2.000   6.840      6.860     10.467     748.33    62.96
neighbors       equal           perStrength      1000    10000 0.000000    5    5  0.25    5  17545      13.74    2.000   6.870      6.860     10.466     742.09    62.16
neighbors       equal           perStrength      1000    10000 0.000000    5    5  0.25   10  17645      13.36    2.000   6.680      6.880     10.494     762.72    62.12
neighbors       equal           perStrength      1000    10000 0.000000    5   10  0.00    5  17745       7.64    1.000   7.640      6.850     10.462    1346.32    66.12
neighbors       equal           perStrength      1000    10000 0.000000    5   10  0.00   10  17845       7.61    1.000   7.610      6.880     10.481    1345.92    67.90
neighbors       equal           perStrength      1000    10000 0.000000    5   10  0.10    5  17945       7.57    1.000   7.570      6.860     10.514    1345.12    68.27
neighbors       equal           perStrength      1000    10000 0.000000    5   10  0.10   10  18045       7.46    1.000   7.460      6.830     10.459    1363.06    65.49
neighbors       equal           perStrength      1000    10000 0.000000    5   10  0.25    5  18145       7.65    1.000   7.650      6.810     10.542    1338.42    67.63
neighbors       equal           perStrength      1000    10000 0.000000    5   10  0.25   10  18245       7.41    1.000   7.410      6.910     10.422    1377.59    67.21
neighbors       equal           perStrength      1000    10000 0.000100    5    5  0.00    5  18345      13.90    2.000   6.950      6.850     10.518     739.18    63.35
neighbors       equal           perStrength      1000    10000 0.000100    5    5  0.00   10  18445      13.83    2.000   6.915      6.850     10.480     739.29    63.20
neighbors       equal           perStrength      1000    10000 0.000100    5    5  0.10    5  18545      13.70    2.000   6.850      6.870     10.517     741.54    62.91
neighbors       equal           perStrength      1000    10000 0.000100    5    5  0.10   10  18645      13.70    2.000   6.850      6.820     10.502     743.21    62.98
neighbors       equal           perStrength      1000    10000 0.000100    5    5  0.25    5  18745      13.50    2.000   6.750      6.870     10.475     754.60    61.28
neighbors       equal           perStrength      1000    10000 0.000100    5    5  0.25   10  18845      13.87    2.000   6.935      6.830     10.519     737.77    63.87
neighbors       equal           perStrength      1000    10000 0.000100    5   10  0.00    5  18945       7.57    1.000   7.570      6.940     10.460    1345.17    66.33
neighbors       equal           perStrength      1000    10000 0.000100    5   10  0.00   10  19045       7.37    1.000   7.370      6.850     10.473    1381.83    64.70
neighbors       equal           perStrength      1000    10000 0.000100    5   10  0.10    5  19145       7.26    1.000   7.260      6.870     10.485    1400.40    65.79
neighbors       equal           perStrength      1000    10000 0.000100    5   10  0.10   10  19245       7.59    1.000   7.590      6.830     10.537    1346.40    68.13
neighbors       equal           perStrength      1000    10000 0.000100    5   10  0.25    5  19345       7.52    1.000   7.520      6.860     10.502    1353.42    66.51
neighbors       equal           perStrength      1000    10000 0.000100    5   10  0.25   10  19445       7.45    1.000   7.450      6.870     10.451    1367.10    65.03
neighbors       equal           perStrength      1000    10000 0.001000    5    5  0.00    5  19545      13.58    2.000   6.790      6.930     10.433     750.65    62.45
neighbors       equal           perStrength      1000    10000 0.001000    5    5  0.00   10  19645      13.59    2.000   6.795      6.910     10.418     752.34    62.51
neighbors       equal           perStrength      1000    10000 0.001000    5    5  0.10    5  19745      13.83    2.000   6.915      6.870     10.475     742.95    64.06
neighbors       equal           perStrength      1000    10000 0.001000    5    5  0.10   10  19845      13.75    2.000   6.875      6.850     10.517     743.01    62.58
neighbors       equal           perStrength      1000    10000 0.001000    5    5  0.25    5  19945      13.59    2.000   6.795      6.860     10.494     753.42    61.54
neighbors       equal           perStrength      1000    10000 0.001000    5    5  0.25   10  20045      13.57    2.000   6.785      6.880     10.501     752.55    63.13
neighbors       equal           perStrength      1000    10000 0.001000    5   10  0.00    5  20145       7.57    1.000   7.570      6.900     10.460    1346.32    65.46
neighbors       equal           perStrength      1000    10000 0.001000    5   10  0.00   10  20245       7.59    1.000   7.590      6.840     10.491    1353.19    65.76
neighbors       equal           perStrength      1000    10000 0.001000    5   10  0.10    5  20345       7.55    1.000   7.550      6.820     10.506    1348.10    66.81
neighbors       equal           perStrength      1000    10000 0.001000    5   10  0.10   10  20445       7.59    1.000   7.590      6.840     10.499    1346.75    67.33
neighbors       equal           perStrength      1000    10000 0.001000    5   10  0.25    5  20545       7.42    1.000   7.420      6.910     10.451    1377.54    65.99
neighbors       equal           perStrength      1000    10000 0.001000    5   10  0.25   10  20645       7.43    1.000   7.430      6.890     10.424    1367.42    65.80
neighbors       equal           perStrength      1000    10000 0.010000    5    5  0.00    5  20745      13.19    2.000   6.595      6.820     10.435     771.96    58.17
neighbors       equal           perStrength      1000    10000 0.010000    5    5  0.00   10  20845      13.15    2.000   6.575      6.890     10.498     776.79    58.88
neighbors       equal           perStrength      1000    10000 0.010000    5    5  0.10    5  20945      13.22    2.000   6.610      6.890     10.464     772.74    59.43
neighbors       equal           perStrength      1000    10000 0.010000    5    5  0.10   10  21045      13.35    2.000   6.675      6.940     10.418     766.35    59.33
neighbors       equal           perStrength      1000    10000 0.010000    5    5  0.25    5  21145      12.90    2.000   6.450      6.870     10.516     789.41    57.95
neighbors       equal           perStrength      1000    10000 0.010000    5    5  0.25   10  21245      12.83    2.000   6.415      6.870     10.447     795.22    56.68
neighbors       equal           perStrength      1000    10000 0.010000    5   10  0.00    5  21345       7.41    1.000   7.410      6.880     10.485    1373.73    64.83
neighbors       equal           perStrength      1000    10000 0.010000    5   10  0.00   10  21445       7.47    1.000   7.470      6.840     10.486    1361.71    63.50
neighbors       equal           perStrength      1000    10000 0.010000    5   10  0.10    5  21545       7.33    1.000   7.330      6.880     10.454    1390.32    64.89
neighbors       equal           perStrength      1000    10000 0.010000    5   10  0.10   10  21645       7.31    1.000   7.310      6.860     10.433    1390.60    64.55
neighbors       equal           perStrength      1000    10000 0.010000    5   10  0.25    5  21745       7.25    1.000   7.250      6.850     10.450    1403.14    62.98
neighbors       equal           perStrength      1000    10000 0.010000    5   10  0.25   10  21845       7.23    1.000   7.230      6.920     10.455    1405.32    63.50
neighbors       randomUniform   one              1000    10000 0.000000    5    5  0.00    5  21945      59.13   10.000   5.913      6.850     10.449     173.11    55.96
neighbors       randomUniform   one              1000    10000 0.000000    5    5  0.00   10  22045      60.62   10.000   6.062      6.890     10.459     169.70    57.42
neighbors       randomUniform   one              1000    10000 0.000000    5    5  0.10    5  22145      59.24   10.000   5.924      6.860     10.514     172.82    56.84
neighbors       randomUniform   one              1000    10000 0.000000    5    5  0.10   10  22245      59.73   10.000   5.973      6.820     10.485     173.00    57.05
neighbors       randomUniform   one              1000    10000 0.000000    5    5  0.25    5  22345      59.48   10.000   5.948      6.870     10.489     173.08    58.08
neighbors       randomUniform   one              1000    10000 0.000000    5    5  0.25   10  22445      59.86   10.000   5.986      6.880     10.537     171.88    57.94
neighbors       randomUniform   one              1000    10000 0.000000    5   10  0.00    5  22545      60.39   10.000   6.039      6.860     10.461     170.21    57.96
neighbors       randomUniform   one              1000    10000 0.000000    5   10  0.00   10  22645      59.97   10.000   5.997      6.870     10.527     170.83    57.01
neighbors       randomUniform   one              1000    10000 0.000000    5   10  0.10    5  22745      60.59   10.000   6.059      6.890     10.469     169.20    58.82
neighbors       randomUniform   one              1000    10000 0.000000    5   10  0.10   10  22845      56.93   10.000   5.693      6.890     10.434     179.35    54.97
neighbors       randomUniform   one              1000    10000 0.000000    5   10  0.25    5  22945      58.71   10.000   5.871      6.890     10.431     174.73    57.50
neighbors       randomUniform   one              1000    10000 0.000000    5   10  0.25   10  23045      57.22   10.000   5.722      6.870     10.474     178.82    55.36
neighbors       randomUniform   one              1000    10000 0.000100    5    5  0.00    5  23145      62.24   10.000   6.224      6.860     10.580     165.96    59.13
neighbors       randomUniform   one              1000    10000 0.000100    5    5  0.00   10  23245      57.97   10.000   5.797      6.890     10.466     177.84    54.74
neighbors       randomUniform   one              1000    10000 0.000100    5    5  0.10    5  23345      60.46   10.000   6.046      6.870     10.482     170.36    58.64
neighbors       randomUniform   one              1000    10000 0.000100    5    5  0.10   10  23445      58.79   10.000   5.879      6.880     10.442     174.50    56.70
neighbors       randomUniform   one              1000    10000 0.000100    5    5  0.25    5  23545      59.00   10.000   5.900      6.860     10.472     173.43    57.31
neighbors       randomUniform   one              1000    10000 0.000100    5    5  0.25   10  23645      58.53   10.000   5.853      6.880     10.444     174.52    56.27
neighbors       randomUniform   one              1000    10000 0.000100    5   10  0.00    5  23745      59.39   10.000   5.939      6.870     10.428     171.82    56.57
neighbors       randomUniform   one              1000    10000 0.000100    5   10  0.00   10  23845      61.06   10.000   6.106      6.840     10.473     168.27    57.65
neighbors       randomUniform   one              1000    10000 0.000100    5   10  0.10    5  23945      60.43   10.000   6.043      6.890     10.484     168.93    57.94
neighbors       randomUniform   one              1000    10000 0.000100    5   10  0.10   10  24045      59.27   10.000   5.927      6.880     10.426     173.51    57.20
neighbors       randomUniform   one              1000    10000 0.000100    5   10  0.25    5  24145      59.96   10.000   5.996      6.950     10.447     172.82    58.39
neighbors       randomUniform   one              1000    10000 0.000100    5   10  0.25   10  24245      58.00   10.000   5.800      6.910     10.455     176.96    55.96
neighbors       randomUniform   one              1000    10000 0.001000    5    5  0.00    5  24345      59.45   10.000   5.945      6.890     10.475     173.93    56.06
neighbors       randomUniform   one              1000    10000 0.001000    5    5  0.00   10  24445      58.13   10.000   5.813      6.860     10.522     174.97    54.41
neighbors       randomUniform   one              1000    10000 0.001000    5    5  0.10    5  24545      58.82   10.000   5.882      6.820     10.485     173.53    56.25
neighbors       randomUniform   one              1000    10000 0.001000    5    5  0.10   10  24645      57.30   10.000   5.730      6.900     10.475     178.39    54.37
neighbors       randomUniform   one              1000    10000 0.001000    5    5  0.25    5  24745      57.77   10.000   5.777      6.860     10.490     176.50    54.76
neighbors       randomUniform   one              1000    10000 0.001000    5    5  0.25   10  24845      55.90   10.000   5.590      6.870     10.420     182.86    53.54
neighbors       randomUniform   one              1000    10000 0.001000    5   10  0.00    5  24945      58.13   10.000   5.813      6.900     10.445     174.99    55.10
neighbors       randomUniform   one              1000    10000 0.001000    5   10  0.00   10  25045      57.17   10.000   5.717      6.870     10.490     178.27    53.14
neighbors       randomUniform   one              1000    10000 0.001000    5   10  0.10    5  25145      58.87   10.000   5.887      6.900     10.456     174.08    56.69
neighbors       randomUniform   one              1000    10000 0.001000    5   10  0.10   10  25245      57.57   10.000   5.757      6.820     10.493     176.83    54.95
neighbors       randomUniform   one              1000    10000 0.001000    5   10  0.25    5  25345      57.10   10.000   5.710      6.900     10.446     178.19    55.60
neighbors       randomUniform   one              1000    10000 0.001000    5   10  0.25   10  25445      56.43   10.000   5.643      6.820     10.455     180.36    53.79
neighbors       randomUniform   one              1000    10000 0.010000    5    5  0.00    5  25545      50.00   10.000   5.000      6.840     10.507     202.94    44.11
neighbors       randomUniform   one              1000    10000 0.010000    5    5  0.00   10  25645      50.87   10.000   5.087      6.850     10.527     200.63    44.40
neighbors       randomUniform   one              1000    10000 0.010000    5    5  0.10    5  25745      50.29   10.000   5.029      6.980     10.389     202.79    43.84
neighbors       randomUniform   one              1000    10000 0.010000    5    5  0.10   10  25845      49.08   10.000   4.908      6.880     10.436     206.54    43.25
neighbors       randomUniform   one              1000    10000 0.010000    5    5  0.25    5  25945      50.33   10.000   5.033      6.880     10.465     201.69    44.69
neighbors       randomUniform   one              1000    10000 0.010000    5    5  0.25   10  26045      50.22   10.000   5.022      6.870     10.463     202.28    44.10
neighbors       randomUniform   one              1000    10000 0.010000    5   10  0.00    5  26145      50.63   10.000   5.063      6.860     10.497     200.85    44.48
neighbors       randomUniform   one              1000    10000 0.010000    5   10  0.00   10  26245      50.47   10.000   5.047      6.870     10.458     201.22    44.23
neighbors       randomUniform   one              1000    10000 0.010000    5   10  0.10    5  26345      51.07   10.000   5.107      6.830     10.471     198.75    45.67
neighbors       randomUniform   one              1000    10000 0.010000    5   10  0.10   10  26445      50.47   10.000   5.047      6.860     10.451     200.89    44.89
neighbors       randomUniform   one              1000    10000 0.010000    5   10  0.25    5  26545      49.73   10.000   4.973      6.870     10.445     203.72    44.18
neighbors       randomUniform   one              1000    10000 0.010000    5   10  0.25   10  26645      50.30   10.000   5.030      6.890     10.406     201.61    44.36
neighbors       randomUniform   perStrength      1000    10000 0.000000    5    5  0.00    5  26745      40.82    3.330  12.259      6.840     10.490     253.50    62.59
neighbors       randomUniform   perStrength      1000    10000 0.000000    5    5  0.00   10  26845      39.90    3.329  11.985      6.840     10.520     260.38    63.14
neighbors       randomUniform   perStrength      1000    10000 0.000000    5    5  0.10    5  26945      40.16    3.342  12.018      6.870     10.463     260.06    61.52
neighbors       randomUniform   perStrength      1000    10000 0.000000    5    5  0.10   10  27045      40.58    3.329  12.189      6.900     10.440     257.25    61.52
neighbors       randomUniform   perStrength      1000    10000 0.000000    5    5  0.25    5  27145      41.86    3.336  12.546      6.860     10.479     254.23    64.59
neighbors       randomUniform   perStrength      1000    10000 0.000000    5    5  0.25   10  27245      41.99    3.335  12.592      6.840     10.506     248.76    63.27
neighbors       randomUniform   perStrength      1000    10000 0.000000    5   10  0.00    5  27345      35.11    1.821  19.278      6.920     10.467     301.28    65.55
neighbors       randomUniform   perStrength      1000    10000 0.000000    5   10  0.00   10  27445      33.49    1.819  18.407      6.790     10.455     315.85    65.81
neighbors       randomUniform   perStrength      1000    10000 0.000000    5   10  0.10    5  27545      32.53    1.816  17.914      6.910     10.470     322.82    64.96
neighbors       randomUniform   perStrength      1000    10000 0.000000    5   10  0.10   10  27645      33.86    1.821  18.596      6.910     10.432     315.02    65.39
neighbors       randomUniform   perStrength      1000    10000 0.000000    5   10  0.25    5  27745      35.40    1.819  19.463      6.870     10.464     296.26    64.26
neighbors       randomUniform   perStrength      1000    10000 0.000000    5   10  0.25   10  27845      33.40    1.814  18.416      6.890     10.444     313.28    65.61
neighbors       randomUniform   perStrength      1000    10000 0.000100    5    5  0.00    5  27945      41.22    3.333  12.368      6.800     10.487     254.16    64.36
neighbors       randomUniform   perStrength      1000    10000 0.000100    5    5  0.00   10  28045      39.28    3.332  11.788      6.910     10.465     266.20    64.13
neighbors       randomUniform   perStrength      1000    10000 0.000100    5    5  0.10    5  28145      41.04    3.340  12.289      6.910     10.451     253.09    62.89
neighbors       randomUniform   perStrength      1000    10000 0.000100    5    5  0.10   10  28245      40.64    3.327  12.214      6.870     10.523     255.41    64.77
neighbors       randomUniform   perStrength      1000    10000 0.000100    5    5  0.25    5  28345      41.48    3.333  12.446      6.850     10.466     254.77    63.37
neighbors       randomUniform   perStrength      1000    10000 0.000100    5    5  0.25   10  28445      43.20    3.333  12.961      6.860     10.487     245.18    63.92
neighbors       randomUniform   perStrength      1000    10000 0.000100    5   10  0.00    5  28545      32.54    1.817  17.906      6.910     10.418     323.80    64.87
neighbors       randomUniform   perStrength      1000    10000 0.000100    5   10  0.00   10  28645      33.85    1.823  18.568      6.820     10.508     314.63    66.47
neighbors       randomUniform   perStrength      1000    10000 0.000100    5   10  0.10    5  28745      33.51    1.817  18.439      6.890     10.503     314.01    65.52
neighbors       randomUniform   perStrength      1000    10000 0.000100    5   10  0.10   10  28845      34.34    1.821  18.857      6.880     10.485     304.47    66.02
neighbors       randomUniform   perStrength      1000    10000 0.000100    5   10  0.25    5  28945      35.43    1.814  19.526      6.830     10.446     303.02    64.26
neighbors       randomUniform   perStrength      1000    10000 0.000100    5   10  0.25   10  29045      34.61    1.820  19.013      6.860     10.436     307.34    64.85
neighbors       randomUniform   perStrength      1000    10000 0.001000    5    5  0.00    5  29145      39.48    3.329  11.860      6.830     10.461     266.07    63.77
neighbors       randomUniform   perStrength      1000    10000 0.001000    5    5  0.00   10  29245      38.49    3.340  11.525      6.870     10.415     268.38    60.46
neighbors       randomUniform   perStrength      1000    10000 0.001000    5    5  0.10    5  29345      39.17    3.338  11.736      6.890     10.433     266.22    60.95
neighbors       randomUniform   perStrength      1000    10000 0.001000    5    5  0.10   10  29445      39.21    3.341  11.738      6.910     10.434     263.96    60.42
neighbors       randomUniform   perStrength      1000    10000 0.001000    5    5  0.25    5  29545      40.68    3.332  12.211      6.850     10.485     256.58    62.00
neighbors       randomUniform   perStrength      1000    10000 0.001000    5    5  0.25   10  29645      39.80    3.330  11.950      6.900     10.426     261.76    62.01
neighbors       randomUniform   perStrength      1000    10000 0.001000    5   10  0.00    5  29745      33.47    1.819  18.399      6.880     10.423     311.66    65.52
neighbors       randomUniform   perStrength      1000    10000 0.001000    5   10  0.00   10  29845      32.13    1.821  17.647      6.850     10.443     327.06    65.36
neighbors       randomUniform   perStrength      1000    10000 0.001000    5   10  0.10    5  29945      32.16    1.819  17.680      6.870     10.487     326.58    64.17
neighbors       randomUniform   perStrength      1000    10000 0.001000    5   10  0.10   10  30045      33.64    1.815  18.537      6.860     10.485     316.03    63.96
neighbors       randomUniform   perStrength      1000    10000 0.001000    5   10  0.25    5  30145      34.05    1.820  18.704      6.910     10.507     309.54    65.81
neighbors       randomUniform   perStrength      1000    10000 0.001000    5   10  0.25   10  30245      34.13    1.816  18.792      6.860     10.501     309.54    65.41
neighbors       randomUniform   perStrength      1000    10000 0.010000    5    5  0.00    5  30345      33.38    3.332  10.019      6.870     10.442     304.97    55.50
neighbors       randomUniform   perStrength      1000    10000 0.010000    5    5  0.00   10  30445      33.86    3.333  10.159      6.840     10.477     301.43    56.17
neighbors       randomUniform   perStrength      1000    10000 0.010000    5    5  0.10    5  30545      34.19    3.343  10.229      6.880     10.455     299.38    56.85
neighbors       randomUniform   perStrength      1000    10000 0.010000    5    5  0.10   10  30645      33.81    3.333  10.143      6.880     10.501     302.03    56.10
neighbors       randomUniform   perStrength      1000    10000 0.010000    5    5  0.25    5  30745      33.16    3.333   9.949      6.810     10.505     310.18    57.95
neighbors       randomUniform   perStrength      1000    10000 0.010000    5    5  0.25   10  30845      34.18    3.343  10.223      6.880     10.420     300.44    56.98
neighbors       randomUniform   perStrength      1000    10000 0.010000    5   10  0.00    5  30945      27.52    1.815  15.160      6.830     10.452     374.76    61.26
neighbors       randomUniform   perStrength      1000    10000 0.010000    5   10  0.00   10  31045      28.40    1.820  15.604      6.860     10.485     361.91    61.53
neighbors       randomUniform   perStrength      1000    10000 0.010000    5   10  0.10    5  31145      28.38    1.818  15.611      6.840     10.471     365.50    61.63
neighbors       randomUniform   perStrength      1000    10000 0.010000    5   10  0.10   10  31245      29.24    1.825  16.024      6.860     10.478     359.43    60.54
neighbors       randomUniform   perStrength      1000    10000 0.010000    5   10  0.25    5  31345      28.48    1.819  15.657      6.900     10.476     367.64    61.32
neighbors       randomUniform   perStrength      1000    10000 0.010000    5   10  0.25   10  31445      28.76    1.824  15.772      6.840     10.508     359.38    60.23
