invite          equal           one               100    10000 0.000000    5    5  0.00    5  12345     358.49  100.000   3.585     68.020     98.364      28.75   356.18
invite          equal           one               100    10000 0.000000    5    5  0.00   10  12445     367.55  100.000   3.675     69.410     98.376      29.14   365.23
invite          equal           one               100    10000 0.000000    5    5  0.10    5  12545     380.68  100.000   3.807     68.470     98.818      28.05   380.68
invite          equal           one               100    10000 0.000000    5    5  0.10   10  12645     390.93  100.000   3.909     68.330    100.400      27.47   390.74
invite          equal           one               100    10000 0.000000    5    5  0.25    5  12745     372.64  100.000   3.726     67.640    100.053      28.27   372.61
invite          equal           one               100    10000 0.000000    5    5  0.25   10  12845     373.96  100.000   3.740     69.680     97.856      28.45   373.96
invite          equal           one               100    10000 0.000000    5   10  0.00    5  12945     383.25  100.000   3.833     70.090     97.761      27.65   380.11
invite          equal           one               100    10000 0.000000    5   10  0.00   10  13045     390.70  100.000   3.907     68.610     99.181      27.29   388.12
invite          equal           one               100    10000 0.000000    5   10  0.10    5  13145     384.84  100.000   3.848     69.560     98.638      27.62   384.84
invite          equal           one               100    10000 0.000000    5   10  0.10   10  13245     372.87  100.000   3.729     68.990     99.192      28.41   372.87
invite          equal           one               100    10000 0.000000    5   10  0.25    5  13345     384.23  100.000   3.842     68.590     98.407      27.75   384.23
invite          equal           one               100    10000 0.000000    5   10  0.25   10  13445     366.00  100.000   3.660     67.850     98.524      28.62   365.98
