invite          equal           one               100    10000 0.000000    5    5  0.00    5  12345     504.33  100.000   5.043     68.020     98.364      20.58   504.33
invite          equal           one               100    10000 0.000000    5    5  0.00   10  12445     508.84  100.000   5.088     69.410     98.376      20.60   508.84
invite          equal           one               100    10000 0.000000    5    5  0.10    5  12545     522.24  100.000   5.222     68.470     98.818      20.05   522.24
invite          equal           one               100    10000 0.000000    5    5  0.10   10  12645     537.67  100.000   5.377     68.330    100.400      19.53   537.67
invite          equal           one               100    10000 0.000000    5    5  0.25    5  12745     523.26  100.000   5.233     67.640    100.053      19.94   523.26
invite          equal           one               100    10000 0.000000    5    5  0.25   10  12845     505.02  100.000   5.050     69.680     97.856      20.76   505.02
invite          equal           one               100    10000 0.000000    5   10  0.00    5  12945     504.94  100.000   5.049     70.090     97.761      20.75   504.94
invite          equal           one               100    10000 0.000000    5   10  0.00   10  13045     515.97  100.000   5.160     68.610     99.181      20.19   515.97
invite          equal           one               100    10000 0.000000    5   10  0.10    5  13145     516.14  100.000   5.161     69.560     98.638      20.23   516.14
invite          equal           one               100    10000 0.000000    5   10  0.10   10  13245     515.72  100.000   5.157     68.990     99.192      20.45   515.72
invite          equal           one               100    10000 0.000000    5   10  0.25    5  13345     516.07  100.000   5.161     68.590     98.407      20.13   516.07
invite          equal           one               100    10000 0.000000    5   10  0.25   10  13445     518.05  100.000   5.180     67.850     98.524      20.08   518.05
invite          equal           one               100    10000 0.000100    5    5  0.00    5  13545     507.86  100.000   5.079     68.450     98.899      20.74   494.03
invite          equal           one               100    10000 0.000100    5    5  0.00   10  13645     496.94  100.000   4.969     68.710     97.406      20.91   494.26
invite          equal           one               100    10000 0.000100    5    5  0.10    5  13745     515.91  100.000   5.159     69.070     98.871      20.34   505.80
invite          equal           one               100    10000 0.000100    5    5  0.10   10  13845     518.21  100.000   5.182     67.080    100.576      20.08   501.84
invite          equal           one               100    10000 0.000100    5    5  0.25    5  13945     519.09  100.000   5.191     67.520    100.060      20.05   508.17
invite          equal           one               100    10000 0.000100    5    5  0.25   10  14045     509.63  100.000   5.096     68.510     99.009      20.61   502.15
invite          equal           one               100    10000 0.000100    5   10  0.00    5  14145     501.15  100.000   5.011     70.360     97.464      21.04   496.69
invite          equal           one               100    10000 0.000100    5   10  0.00   10  14245     528.35  100.000   5.284     68.300     99.821      19.92   512.84
invite          equal           one               100    10000 0.000100    5   10  0.10    5  14345     507.25  100.000   5.072     69.040     99.203      20.53   496.41
invite          equal           one               100    10000 0.000100    5   10  0.10   10  14445     515.06  100.000   5.151     69.000     99.251      20.23   502.10
invite          equal           one               100    10000 0.000100    5   10  0.25    5  14545     519.90  100.000   5.199     69.120     98.810      20.00   503.68
invite          equal           one               100    10000 0.000100    5   10  0.25   10  14645     524.78  100.000   5.248     68.690     99.812      19.87   513.01
invite          equal           one               100    10000 0.001000    5    5  0.00    5  14745     443.23  100.000   4.432     69.010     99.135      23.23   385.37
invite          equal           one               100    10000 0.001000    5    5  0.00   10  14845     446.20  100.000   4.462     68.270     99.273      23.05   403.85
invite          equal           one               100    10000 0.001000    5    5  0.10    5  14945     447.83  100.000   4.478     68.140     99.532      23.10   388.43
invite          equal           one               100    10000 0.001000    5    5  0.10   10  15045     443.27  100.000   4.433     68.230     98.642      23.28   381.98
invite          equal           one               100    10000 0.001000    5    5  0.25    5  15145     450.23  100.000   4.502     68.510     99.139      22.84   412.67
invite          equal           one               100    10000 0.001000    5    5  0.25   10  15245     432.39  100.000   4.324     68.350     98.901      23.70   391.00
invite          equal           one               100    10000 0.001000    5   10  0.00    5  15345     456.24  100.000   4.562     68.430     99.396      22.56   403.55
invite          equal           one               100    10000 0.001000    5   10  0.00   10  15445     454.54  100.000   4.545     69.270     98.755      22.57   399.51
invite          equal           one               100    10000 0.001000    5   10  0.10    5  15545     442.14  100.000   4.421     69.090     98.749      23.29   398.36
invite          equal           one               100    10000 0.001000    5   10  0.10   10  15645     449.71  100.000   4.497     68.890     99.583      22.93   401.58
invite          equal           one               100    10000 0.001000    5   10  0.25    5  15745     439.79  100.000   4.398     67.280     99.619      23.32   390.94
invite          equal           one               100    10000 0.001000    5   10  0.25   10  15845     442.45  100.000   4.425     67.900     99.470      23.13   387.60
invite          equal           one               100    10000 0.010000    5    5  0.00    5  15945     308.98  100.000   3.090     68.240    100.178      32.80   183.89
invite          equal           one               100    10000 0.010000    5    5  0.00   10  16045     304.83  100.000   3.048     68.480     98.972      33.23   183.34
invite          equal           one               100    10000 0.010000    5    5  0.10    5  16145     304.78  100.000   3.048     69.770     98.285      33.23   173.52
invite          equal           one               100    10000 0.010000    5    5  0.10   10  16245     313.54  100.000   3.135     67.550    100.946      32.33   174.81
invite          equal           one               100    10000 0.010000    5    5  0.25    5  16345     303.93  100.000   3.039     69.210     98.845      33.27   179.05
invite          equal           one               100    10000 0.010000    5    5  0.25   10  16445     307.19  100.000   3.072     68.180    100.192      33.02   179.54
invite          equal           one               100    10000 0.010000    5   10  0.00    5  16545     308.70  100.000   3.087     68.480    100.018      32.80   180.40
invite          equal           one               100    10000 0.010000    5   10  0.00   10  16645     305.34  100.000   3.053     68.790     97.248      33.18   187.52
invite          equal           one               100    10000 0.010000    5   10  0.10    5  16745     299.87  100.000   2.999     69.570     98.365      33.72   181.70
invite          equal           one               100    10000 0.010000    5   10  0.10   10  16845     303.28  100.000   3.033     68.580     97.665      33.40   181.36
invite          equal           one               100    10000 0.010000    5   10  0.25    5  16945     298.72  100.000   2.987     69.590     96.998      33.87   186.80
invite          equal           one               100    10000 0.010000    5   10  0.25   10  17045     307.90  100.000   3.079     67.850     99.787      32.88   184.75
invite          equal           perStrength       100    10000 0.000000    5    5  0.00    5  17145     105.96   20.000   5.298     68.720     99.139      98.76   527.86
invite          equal           perStrength       100    10000 0.000000    5    5  0.00   10  17245     104.81   20.000   5.240     68.860     99.099      99.64   522.08
invite          equal           perStrength       100    10000 0.000000    5    5  0.10    5  17345     103.45   20.000   5.173     69.510     97.889     102.49   515.29
invite          equal           perStrength       100    10000 0.000000    5    5  0.10   10  17445     106.01   20.000   5.301     68.530     99.078      98.10   528.01
invite          equal           perStrength       100    10000 0.000000    5    5  0.25    5  17545     104.65   20.000   5.232     69.430     98.412      99.81   521.39
invite          equal           perStrength       100    10000 0.000000    5    5  0.25   10  17645     101.88   20.000   5.094     69.140     98.228     101.97   507.43
invite          equal           perStrength       100    10000 0.000000    5   10  0.00    5  17745      52.28   10.000   5.228     68.340     99.478     198.95   518.85
invite          equal           perStrength       100    10000 0.000000    5   10  0.00   10  17845      53.00   10.000   5.300     67.780     99.622     198.31   525.41
invite          equal           perStrength       100    10000 0.000000    5   10  0.10    5  17945      50.14   10.000   5.014     69.650     98.429     205.46   497.03
invite          equal           perStrength       100    10000 0.000000    5   10  0.10   10  18045      52.77   10.000   5.277     68.850     98.992     197.13   523.31
invite          equal           perStrength       100    10000 0.000000    5   10  0.25    5  18145      52.54   10.000   5.254     68.100     99.380     199.12   520.33
invite          equal           perStrength       100    10000 0.000000    5   10  0.25   10  18245      50.51   10.000   5.051     70.870     96.437     206.66   500.77
invite          equal           perStrength       100    10000 0.000100    5    5  0.00    5  18345     102.31   20.000   5.115     67.450     98.957     102.18   508.25
invite          equal           perStrength       100    10000 0.000100    5    5  0.00   10  18445     104.15   20.000   5.208     68.370     99.258      99.12   518.87
invite          equal           perStrength       100    10000 0.000100    5    5  0.10    5  18545     102.96   20.000   5.148     68.640     98.525     100.74   508.05
invite          equal           perStrength       100    10000 0.000100    5    5  0.10   10  18645     106.43   20.000   5.322     69.060     99.883      98.49   529.27
invite          equal           perStrength       100    10000 0.000100    5    5  0.25    5  18745     103.85   20.000   5.192     67.770     99.766     100.94   517.07
invite          equal           perStrength       100    10000 0.000100    5    5  0.25   10  18845     100.58   20.000   5.029     69.110     97.600     102.81   500.19
invite          equal           perStrength       100    10000 0.000100    5   10  0.00    5  18945      52.46   10.000   5.246     68.830     98.058     200.45   518.18
invite          equal           perStrength       100    10000 0.000100    5   10  0.00   10  19045      52.92   10.000   5.292     68.440    100.038     197.54   524.63
invite          equal           perStrength       100    10000 0.000100    5   10  0.10    5  19145      52.29   10.000   5.229     68.080     99.626     198.07   518.25
invite          equal           perStrength       100    10000 0.000100    5   10  0.10   10  19245      52.41   10.000   5.241     69.560     98.349     198.95   519.69
invite          equal           perStrength       100    10000 0.000100    5   10  0.25    5  19345      51.36   10.000   5.136     68.890     98.207     202.17   509.08
invite          equal           perStrength       100    10000 0.000100    5   10  0.25   10  19445      51.59   10.000   5.159     68.850     98.175     202.29   511.30
invite          equal           perStrength       100    10000 0.001000    5    5  0.00    5  19545     105.01   20.000   5.251     68.580    100.005      99.75   505.79
invite          equal           perStrength       100    10000 0.001000    5    5  0.00   10  19645     100.12   20.000   5.006     68.540     98.957     103.73   476.71
invite          equal           perStrength       100    10000 0.001000    5    5  0.10    5  19745     103.07   20.000   5.153     67.180     99.151     100.60   489.71
invite          equal           perStrength       100    10000 0.001000    5    5  0.10   10  19845      97.91   20.000   4.896     68.310     98.798     105.45   475.20
invite          equal           perStrength       100    10000 0.001000    5    5  0.25    5  19945     101.25   20.000   5.062     68.930     98.588     102.60   482.52
invite          equal           perStrength       100    10000 0.001000    5    5  0.25   10  20045     102.00   20.000   5.100     69.560     98.817     101.42   485.81
invite          equal           perStrength       100    10000 0.001000    5   10  0.00    5  20145      52.01   10.000   5.201     67.500     99.488     202.50   502.08
invite          equal           perStrength       100    10000 0.001000    5   10  0.00   10  20245      52.15   10.000   5.215     67.700    100.677     200.01   504.96
invite          equal           perStrength       100    10000 0.001000    5   10  0.10    5  20345      52.34   10.000   5.234     68.220     99.447     197.96   510.82
invite          equal           perStrength       100    10000 0.001000    5   10  0.10   10  20445      52.38   10.000   5.238     67.900     98.896     199.27   503.12
invite          equal           perStrength       100    10000 0.001000    5   10  0.25    5  20545      50.56   10.000   5.056     67.430     99.277     202.92   492.63
invite          equal           perStrength       100    10000 0.001000    5   10  0.25   10  20645      49.43   10.000   4.943     70.450     97.246     209.58   476.48
invite          equal           perStrength       100    10000 0.010000    5    5  0.00    5  20745      80.81   20.000   4.040     68.270     98.868     126.49   335.63
invite          equal           perStrength       100    10000 0.010000    5    5  0.00   10  20845      81.50   20.000   4.075     67.810     98.388     125.51   347.24
invite          equal           perStrength       100    10000 0.010000    5    5  0.10    5  20945      80.75   20.000   4.037     69.900     98.193     126.04   337.71
invite          equal           perStrength       100    10000 0.010000    5    5  0.10   10  21045      81.16   20.000   4.058     69.250     98.498     125.35   341.69
invite          equal           perStrength       100    10000 0.010000    5    5  0.25    5  21145      82.81   20.000   4.141     68.380     99.098     124.29   343.74
invite          equal           perStrength       100    10000 0.010000    5    5  0.25   10  21245      81.37   20.000   4.069     68.650     98.932     125.61   337.87
invite          equal           perStrength       100    10000 0.010000    5   10  0.00    5  21345      44.89   10.000   4.489     66.900     99.938     228.51   395.64
invite          equal           perStrength       100    10000 0.010000    5   10  0.00   10  21445      45.49   10.000   4.549     68.910     99.001     226.95   395.61
invite          equal           perStrength       100    10000 0.010000    5   10  0.10    5  21545      46.22   10.000   4.622     68.940     99.641     222.90   399.90
invite          equal           perStrength       100    10000 0.010000    5   10  0.10   10  21645      44.68   10.000   4.468     68.950     96.743     230.72   388.64
invite          equal           perStrength       100    10000 0.010000    5   10  0.25    5  21745      45.59   10.000   4.559     69.300     98.070     224.87   403.34
invite          equal           perStrength       100    10000 0.010000    5   10  0.25   10  21845      45.41   10.000   4.541     69.950     99.071     226.06   395.43
invite          randomUniform   one               100    10000 0.000000    5    5  0.00    5  21945     540.09  100.000   5.401     69.050     99.959      19.65   540.09
invite          randomUniform   one               100    10000 0.000000    5    5  0.00   10  22045     527.34  100.000   5.273     68.480    100.058      19.77   527.34
invite          randomUniform   one               100    10000 0.000000    5    5  0.10    5  22145     532.55  100.000   5.325     68.080     99.838      19.93   532.55
invite          randomUniform   one               100    10000 0.000000    5    5  0.10   10  22245     504.82  100.000   5.048     68.200     98.040      20.68   504.82
invite          randomUniform   one               100    10000 0.000000    5    5  0.25    5  22345     533.03  100.000   5.330     68.160    100.731      19.72   533.03
invite          randomUniform   one               100    10000 0.000000    5    5  0.25   10  22445     512.76  100.000   5.128     68.680     98.908      20.34   512.76
invite          randomUniform   one               100    10000 0.000000    5   10  0.00    5  22545     520.89  100.000   5.209     68.960     99.033      20.08   520.89
invite          randomUniform   one               100    10000 0.000000    5   10  0.00   10  22645     509.44  100.000   5.094     69.620     97.998      20.46   509.44
invite          randomUniform   one               100    10000 0.000000    5   10  0.10    5  22745     531.11  100.000   5.311     68.620     99.951      19.68   531.11
invite          randomUniform   one               100    10000 0.000000    5   10  0.10   10  22845     517.81  100.000   5.178     67.490     99.905      20.15   517.81
invite          randomUniform   one               100    10000 0.000000    5   10  0.25    5  22945     505.83  100.000   5.058     69.170     97.566      20.62   505.83
invite          randomUniform   one               100    10000 0.000000    5   10  0.25   10  23045     529.24  100.000   5.292     68.680     99.826      19.69   529.24
invite          randomUniform   one               100    10000 0.000100    5    5  0.00    5  23145     495.66  100.000   4.957     68.210     98.214      21.13   484.11
invite          randomUniform   one               100    10000 0.000100    5    5  0.00   10  23245     516.85  100.000   5.168     66.850     99.667      20.13   505.69
invite          randomUniform   one               100    10000 0.000100    5    5  0.10    5  23345     520.24  100.000   5.202     68.800     99.835      20.13   509.96
invite          randomUniform   one               100    10000 0.000100    5    5  0.10   10  23445     517.57  100.000   5.176     68.110    100.260      20.29   510.32
invite          randomUniform   one               100    10000 0.000100    5    5  0.25    5  23545     519.01  100.000   5.190     69.070     98.999      20.47   506.71
invite          randomUniform   one               100    10000 0.000100    5    5  0.25   10  23645     503.34  100.000   5.033     69.140     98.766      20.90   493.85
invite          randomUniform   one               100    10000 0.000100    5   10  0.00    5  23745     518.73  100.000   5.187     67.940    100.650      20.29   504.26
invite          randomUniform   one               100    10000 0.000100    5   10  0.00   10  23845     513.18  100.000   5.132     70.060     98.520      20.38   500.74
invite          randomUniform   one               100    10000 0.000100    5   10  0.10    5  23945     517.81  100.000   5.178     67.790     99.572      20.29   511.84
invite          randomUniform   one               100    10000 0.000100    5   10  0.10   10  24045     539.98  100.000   5.400     68.370    100.211      19.35   522.12
invite          randomUniform   one               100    10000 0.000100    5   10  0.25    5  24145     505.10  100.000   5.051     68.730     98.352      20.59   496.59
invite          randomUniform   one               100    10000 0.000100    5   10  0.25   10  24245     513.70  100.000   5.137     68.320     99.373      20.31   503.77
invite          randomUniform   one               100    10000 0.001000    5    5  0.00    5  24345     444.78  100.000   4.448     68.150     98.755      23.25   387.11
invite          randomUniform   one               100    10000 0.001000    5    5  0.00   10  24445     436.61  100.000   4.366     68.750     98.638      23.50   385.62
invite          randomUniform   one               100    10000 0.001000    5    5  0.10    5  24545     450.40  100.000   4.504     68.510     99.191      22.85   396.32
invite          randomUniform   one               100    10000 0.001000    5    5  0.10   10  24645     445.31  100.000   4.453     69.690     97.251      23.35   395.12
invite          randomUniform   one               100    10000 0.001000    5    5  0.25    5  24745     433.83  100.000   4.338     69.420     97.613      23.78   385.37
invite          randomUniform   one               100    10000 0.001000    5    5  0.25   10  24845     456.67  100.000   4.567     66.700    101.214      22.57   411.09
invite          randomUniform   one               100    10000 0.001000    5   10  0.00    5  24945     446.76  100.000   4.468     68.520     99.066      23.00   381.53
invite          randomUniform   one               100    10000 0.001000    5   10  0.00   10  25045     448.18  100.000   4.482     68.210     99.952      23.04   403.82
invite          randomUniform   one               100    10000 0.001000    5   10  0.10    5  25145     456.09  100.000   4.561     68.520     99.156      22.58   398.30
invite          randomUniform   one               100    10000 0.001000    5   10  0.10   10  25245     421.65  100.000   4.216     68.360     98.443      24.43   375.82
invite          randomUniform   one               100    10000 0.001000    5   10  0.25    5  25345     443.96  100.000   4.440     68.820     99.226      23.10   387.02
invite          randomUniform   one               100    10000 0.001000    5   10  0.25   10  25445     454.50  100.000   4.545     67.700    101.140      22.56   396.14
invite          randomUniform   one               100    10000 0.010000    5    5  0.00    5  25545     302.05  100.000   3.021     68.700     98.414      33.48   182.38
invite          randomUniform   one               100    10000 0.010000    5    5  0.00   10  25645     312.32  100.000   3.123     68.160     99.976      32.44   183.15
invite          randomUniform   one               100    10000 0.010000    5    5  0.10    5  25745     304.52  100.000   3.045     68.960     99.240      33.34   188.55
invite          randomUniform   one               100    10000 0.010000    5    5  0.10   10  25845     304.78  100.000   3.048     68.700     98.152      33.20   189.70
invite          randomUniform   one               100    10000 0.010000    5    5  0.25    5  25945     308.86  100.000   3.089     68.150    100.359      32.88   184.33
invite          randomUniform   one               100    10000 0.010000    5    5  0.25   10  26045     307.26  100.000   3.073     69.020     99.290      32.96   179.61
invite          randomUniform   one               100    10000 0.010000    5   10  0.00    5  26145     305.62  100.000   3.056     68.230     98.880      33.07   180.08
invite          randomUniform   one               100    10000 0.010000    5   10  0.00   10  26245     298.44  100.000   2.984     68.820     99.039      33.99   181.44
invite          randomUniform   one               100    10000 0.010000    5   10  0.10    5  26345     309.96  100.000   3.100     69.070     98.785      32.71   178.84
invite          randomUniform   one               100    10000 0.010000    5   10  0.10   10  26445     312.48  100.000   3.125     68.220     99.849      32.36   181.13
invite          randomUniform   one               100    10000 0.010000    5   10  0.25    5  26545     305.84  100.000   3.058     69.330     98.825      33.16   175.91
invite          randomUniform   one               100    10000 0.010000    5   10  0.25   10  26645     307.59  100.000   3.076     69.270     97.840      33.00   180.31
invite          randomUniform   perStrength       100    10000 0.000000    5    5  0.00    5  26745     369.47   33.211  11.125     67.940     98.973      29.90   524.63
invite          randomUniform   perStrength       100    10000 0.000000    5    5  0.00   10  26845     376.15   33.608  11.192     68.090    100.345      29.86   533.91
invite          randomUniform   perStrength       100    10000 0.000000    5    5  0.10    5  26945     373.40   33.634  11.102     69.210     99.146      29.32   523.67
invite          randomUniform   perStrength       100    10000 0.000000    5    5  0.10   10  27045     363.97   33.225  10.955     68.760     99.221      29.93   526.25
invite          randomUniform   perStrength       100    10000 0.000000    5    5  0.25    5  27145     384.00   33.262  11.545     68.370    100.935      28.90   543.65
invite          randomUniform   perStrength       100    10000 0.000000    5    5  0.25   10  27245     360.56   33.552  10.746     69.360     96.965      30.66   496.99
invite          randomUniform   perStrength       100    10000 0.000000    5   10  0.00    5  27345     277.30   18.218  15.221     68.980     99.009      39.49   513.71
invite          randomUniform   perStrength       100    10000 0.000000    5   10  0.00   10  27445     296.22   18.227  16.252     68.310     98.872      37.72   512.97
invite          randomUniform   perStrength       100    10000 0.000000    5   10  0.10    5  27545     287.38   18.109  15.869     68.840     98.518      39.70   518.24
invite          randomUniform   perStrength       100    10000 0.000000    5   10  0.10   10  27645     319.51   18.107  17.646     68.100    100.422      36.21   539.38
invite          randomUniform   perStrength       100    10000 0.000000    5   10  0.25    5  27745     289.11   18.277  15.819     69.100     96.755      39.02   490.06
invite          randomUniform   perStrength       100    10000 0.000000    5   10  0.25   10  27845     293.13   18.377  15.951     67.910     98.780      37.93   510.58
invite          randomUniform   perStrength       100    10000 0.000100    5    5  0.00    5  27945     364.64   33.466  10.896     67.690    100.657      30.13   525.83
invite          randomUniform   perStrength       100    10000 0.000100    5    5  0.00   10  28045     329.14   33.517   9.820     68.790     98.177      33.37   501.09
invite          randomUniform   perStrength       100    10000 0.000100    5    5  0.10    5  28145     362.04   33.310  10.869     67.990    100.574      29.92   505.89
invite          randomUniform   perStrength       100    10000 0.000100    5    5  0.10   10  28245     385.81   33.257  11.601     68.500    100.340      29.29   537.11
invite          randomUniform   perStrength       100    10000 0.000100    5    5  0.25    5  28345     334.62   33.306  10.047     68.550     98.718      32.01   511.99
invite          randomUniform   perStrength       100    10000 0.000100    5    5  0.25   10  28445     346.02   33.437  10.348     69.360     98.611      31.40   510.24
invite          randomUniform   perStrength       100    10000 0.000100    5   10  0.00    5  28545     302.33   18.049  16.750     68.130     98.759      37.64   506.86
invite          randomUniform   perStrength       100    10000 0.000100    5   10  0.00   10  28645     297.08   18.192  16.330     68.410     99.242      39.13   510.21
invite          randomUniform   perStrength       100    10000 0.000100    5   10  0.10    5  28745     278.57   18.276  15.243     68.200    100.679      40.55   517.42
invite          randomUniform   perStrength       100    10000 0.000100    5   10  0.10   10  28845     302.97   18.205  16.642     68.290     99.632      37.79   517.93
invite          randomUniform   perStrength       100    10000 0.000100    5   10  0.25    5  28945     316.74   18.235  17.370     68.340     99.140      37.22   513.36
invite          randomUniform   perStrength       100    10000 0.000100    5   10  0.25   10  29045     289.48   18.312  15.808     68.910     98.389      38.61   523.88
invite          randomUniform   perStrength       100    10000 0.001000    5    5  0.00    5  29145     301.16   33.392   9.019     68.370    100.540      35.10   458.42
invite          randomUniform   perStrength       100    10000 0.001000    5    5  0.00   10  29245     284.23   33.246   8.549     68.780     99.056      37.25   446.84
invite          randomUniform   perStrength       100    10000 0.001000    5    5  0.10    5  29345     297.72   33.245   8.955     69.660     97.066      35.87   440.47
invite          randomUniform   perStrength       100    10000 0.001000    5    5  0.10   10  29445     310.64   33.565   9.255     68.870     99.237      35.20   453.84
invite          randomUniform   perStrength       100    10000 0.001000    5    5  0.25    5  29545     300.08   33.527   8.950     68.720     98.898      35.27   414.86
invite          randomUniform   perStrength       100    10000 0.001000    5    5  0.25   10  29645     289.12   33.188   8.711     68.480     99.234      37.12   460.37
invite          randomUniform   perStrength       100    10000 0.001000    5   10  0.00    5  29745     238.97   18.290  13.065     69.720     98.180      45.82   458.63
invite          randomUniform   perStrength       100    10000 0.001000    5   10  0.00   10  29845     230.83   18.139  12.726     69.620     98.610      46.61   467.11
invite          randomUniform   perStrength       100    10000 0.001000    5   10  0.10    5  29945     232.12   18.123  12.808     67.660    100.210      47.66   476.71
invite          randomUniform   perStrength       100    10000 0.001000    5   10  0.10   10  30045     242.71   18.170  13.358     69.150     98.365      44.71   465.83
invite          randomUniform   perStrength       100    10000 0.001000    5   10  0.25    5  30145     225.03   18.225  12.347     69.180     98.009      48.88   462.28
invite          randomUniform   perStrength       100    10000 0.001000    5   10  0.25   10  30245     257.88   18.247  14.133     68.560     98.962      43.24   472.25
invite          randomUniform   perStrength       100    10000 0.010000    5    5  0.00    5  30345     178.93   33.389   5.359     68.970     98.095      57.58   267.66
invite          randomUniform   perStrength       100    10000 0.010000    5    5  0.00   10  30445     180.85   33.336   5.425     68.260     99.066      56.93   270.41
invite          randomUniform   perStrength       100    10000 0.010000    5    5  0.10    5  30545     171.03   33.415   5.118     68.050     97.267      60.36   280.94
invite          randomUniform   perStrength       100    10000 0.010000    5    5  0.10   10  30645     172.56   33.132   5.208     67.850    100.627      59.47   283.65
invite          randomUniform   perStrength       100    10000 0.010000    5    5  0.25    5  30745     178.32   33.218   5.368     68.350     99.513      58.10   277.34
invite          randomUniform   perStrength       100    10000 0.010000    5    5  0.25   10  30845     178.73   33.373   5.355     67.950    100.047      57.89   277.19
invite          randomUniform   perStrength       100    10000 0.010000    5   10  0.00    5  30945     140.63   18.188   7.732     68.900     99.879      75.54   320.53
invite          randomUniform   perStrength       100    10000 0.010000    5   10  0.00   10  31045     140.50   18.274   7.689     68.580     98.388      74.60   321.81
invite          randomUniform   perStrength       100    10000 0.010000    5   10  0.10    5  31145     142.53   18.257   7.807     68.580     99.949      74.10   311.52
invite          randomUniform   perStrength       100    10000 0.010000    5   10  0.10   10  31245     133.88   18.315   7.310     67.240    100.030      78.40   324.95
invite          randomUniform   perStrength       100    10000 0.010000    5   10  0.25    5  31345     132.91   18.072   7.355     68.170    100.823      78.32   330.08
invite          randomUniform   perStrength       100    10000 0.010000    5   10  0.25   10  31445     141.64   18.299   7.740     68.550     99.801      74.09   316.24
