invite          equal           one              1000  1000000 0.000000    5    5  0.00    5  12345    7467.34 1000.000   7.467    695.380    998.523     137.54  7467.34
invite          equal           one              1000  1000000 0.000000    5    5  0.00   10  12445    7322.29 1000.000   7.322    692.310    997.831     139.94  7322.29
invite          equal           one              1000  1000000 0.000000    5    5  0.10    5  12545    7463.70 1000.000   7.464    692.300    996.982     136.83  7463.70
invite          equal           one              1000  1000000 0.000000    5    5  0.10   10  12645    7593.71 1000.000   7.594    692.910    997.894     135.03  7593.71
invite          equal           one              1000  1000000 0.000000    5    5  0.25    5  12745    7677.34 1000.000   7.677    692.490   1001.378     133.98  7677.34
invite          equal           one              1000  1000000 0.000000    5    5  0.25   10  12845    7556.88 1000.000   7.557    692.130   1000.379     136.64  7556.88
invite          equal           one              1000  1000000 0.000000    5   10  0.00    5  12945    7402.94 1000.000   7.403    694.330    998.253     137.86  7402.94
invite          equal           one              1000  1000000 0.000000    5   10  0.00   10  13045    7395.23 1000.000   7.395    694.550    999.896     138.57  7395.23
invite          equal           one              1000  1000000 0.000000    5   10  0.10    5  13145    7514.88 1000.000   7.515    687.720   1004.032     136.39  7514.88
invite          equal           one              1000  1000000 0.000000    5   10  0.10   10  13245    7389.68 1000.000   7.390    686.690   1002.944     138.25  7389.68
invite          equal           one              1000  1000000 0.000000    5   10  0.25    5  13345    7688.87 1000.000   7.689    686.750   1003.411     132.51  7688.87
invite          equal           one              1000  1000000 0.000000    5   10  0.25   10  13445    7642.36 1000.000   7.642    696.690    997.339     135.41  7642.36
invite          equal           one              1000  1000000 0.000100    5    5  0.00    5  13545    5994.53 1000.000   5.995    693.170    998.219     169.61  5264.85
invite          equal           one              1000  1000000 0.000100    5    5  0.00   10  13645    5938.54 1000.000   5.939    689.330   1004.122     170.70  5289.79
invite          equal           one              1000  1000000 0.000100    5    5  0.10    5  13745    5975.94 1000.000   5.976    691.120    996.654     169.75  5224.69
invite          equal           one              1000  1000000 0.000100    5    5  0.10   10  13845    5954.89 1000.000   5.955    691.890   1000.225     170.67  5228.30
invite          equal           one              1000  1000000 0.000100    5    5  0.25    5  13945    5855.99 1000.000   5.856    691.140   1000.141     173.29  5227.07
invite          equal           one              1000  1000000 0.000100    5    5  0.25   10  14045    5876.67 1000.000   5.877    696.250    993.510     173.07  5230.81
invite          equal           one              1000  1000000 0.000100    5   10  0.00    5  14145    5864.25 1000.000   5.864    690.850   1000.276     172.70  5254.02
invite          equal           one              1000  1000000 0.000100    5   10  0.00   10  14245    5917.38 1000.000   5.917    689.130   1004.890     171.47  5195.33
invite          equal           one              1000  1000000 0.000100    5   10  0.10    5  14345    5867.45 1000.000   5.867    689.550   1001.602     172.84  5437.86
invite          equal           one              1000  1000000 0.000100    5   10  0.10   10  14445    5951.72 1000.000   5.952    693.770    999.364     170.33  5293.43
invite          equal           one              1000  1000000 0.000100    5   10  0.25    5  14545    5999.20 1000.000   5.999    691.240   1004.366     169.48  5327.04
invite          equal           one              1000  1000000 0.000100    5   10  0.25   10  14645    6043.38 1000.000   6.043    692.980    998.536     168.06  5318.99
invite          equal           one              1000  1000000 0.001000    5    5  0.00    5  14745    3705.34 1000.000   3.705    693.430    999.435     271.40  2418.08
invite          equal           one              1000  1000000 0.001000    5    5  0.00   10  14845    3710.61 1000.000   3.711    697.720    994.679     271.15  2457.31
invite          equal           one              1000  1000000 0.001000    5    5  0.10    5  14945    3713.71 1000.000   3.714    693.890    999.014     271.01  2404.84
invite          equal           one              1000  1000000 0.001000    5    5  0.10   10  15045    3674.11 1000.000   3.674    690.140    998.670     273.63  2387.83
invite          equal           one              1000  1000000 0.001000    5    5  0.25    5  15145    3638.15 1000.000   3.638    691.150    999.397     276.61  2463.99
invite          equal           one              1000  1000000 0.001000    5    5  0.25   10  15245    3716.82 1000.000   3.717    692.510    996.879     270.49  2321.56
invite          equal           one              1000  1000000 0.001000    5   10  0.00    5  15345    3689.71 1000.000   3.690    693.290   1000.264     272.91  2428.65
invite          equal           one              1000  1000000 0.001000    5   10  0.00   10  15445    3708.03 1000.000   3.708    696.310   1000.464     271.67  2361.36
invite          equal           one              1000  1000000 0.001000    5   10  0.10    5  15545    3691.88 1000.000   3.692    692.790    995.399     272.77  2390.29
invite          equal           one              1000  1000000 0.001000    5   10  0.10   10  15645    3678.95 1000.000   3.679    693.600   1000.710     273.73  2332.84
invite          equal           one              1000  1000000 0.001000    5   10  0.25    5  15745    3716.51 1000.000   3.717    691.880    999.052     271.38  2404.91
invite          equal           one              1000  1000000 0.001000    5   10  0.25   10  15845    3709.31 1000.000   3.709    693.680    994.459     271.39  2368.32
invite          equal           one              1000  1000000 0.010000    5    5  0.00    5  15945    2093.96 1000.000   2.094    691.050    997.687     478.89   185.21
invite          equal           one              1000  1000000 0.010000    5    5  0.00   10  16045    2076.32 1000.000   2.076    693.520    997.216     482.77   179.18
invite          equal           one              1000  1000000 0.010000    5    5  0.10    5  16145    2101.34 1000.000   2.101    698.440    991.462     477.08   179.27
invite          equal           one              1000  1000000 0.010000    5    5  0.10   10  16245    2099.27 1000.000   2.099    686.980   1002.570     477.56   200.24
invite          equal           one              1000  1000000 0.010000    5    5  0.25    5  16345    2106.68 1000.000   2.107    689.840   1003.306     476.08   183.55
invite          equal           one              1000  1000000 0.010000    5    5  0.25   10  16445    2097.14 1000.000   2.097    690.710   1004.947     477.86   184.34
invite          equal           one              1000  1000000 0.010000    5   10  0.00    5  16545    2099.12 1000.000   2.099    692.460    995.581     477.63   180.45
invite          equal           one              1000  1000000 0.010000    5   10  0.00   10  16645    2098.73 1000.000   2.099    692.430    999.268     477.76   184.00
invite          equal           one              1000  1000000 0.010000    5   10  0.10    5  16745    2094.93 1000.000   2.095    692.980    996.863     478.74   196.97
invite          equal           one              1000  1000000 0.010000    5   10  0.10   10  16845    2090.98 1000.000   2.091    690.900    997.653     479.51   173.14
invite          equal           one              1000  1000000 0.010000    5   10  0.25    5  16945    2089.56 1000.000   2.090    691.950    997.814     479.59   164.09
invite          equal           one              1000  1000000 0.010000    5   10  0.25   10  17045    2104.15 1000.000   2.104    690.510   1002.657     476.17   186.12
invite          equal           perStrength      1000  1000000 0.000000    5    5  0.00    5  17145    1452.92  200.000   7.265    691.660    993.002     707.44  7262.50
invite          equal           perStrength      1000  1000000 0.000000    5    5  0.00   10  17245    1492.22  200.000   7.461    692.490    996.364     685.82  7459.21
invite          equal           perStrength      1000  1000000 0.000000    5    5  0.10    5  17345    1524.81  200.000   7.624    690.010   1001.625     670.92  7622.11
invite          equal           perStrength      1000  1000000 0.000000    5    5  0.10   10  17445    1491.92  200.000   7.460    689.830    999.384     685.96  7457.76
invite          equal           perStrength      1000  1000000 0.000000    5    5  0.25    5  17545    1461.38  200.000   7.307    690.870    998.492     700.47  7305.07
invite          equal           perStrength      1000  1000000 0.000000    5    5  0.25   10  17645    1510.27  200.000   7.551    690.710   1002.931     679.27  7549.25
invite          equal           perStrength      1000  1000000 0.000000    5   10  0.00    5  17745     741.09  100.000   7.411    693.760    996.302    1397.39  7406.38
invite          equal           perStrength      1000  1000000 0.000000    5   10  0.00   10  17845     756.29  100.000   7.563    692.620   1000.860    1359.59  7558.12
invite          equal           perStrength      1000  1000000 0.000000    5   10  0.10    5  17945     755.95  100.000   7.560    693.340   1001.171    1354.94  7554.84
invite          equal           perStrength      1000  1000000 0.000000    5   10  0.10   10  18045     748.42  100.000   7.484    689.800    997.999    1367.94  7479.77
invite          equal           perStrength      1000  1000000 0.000000    5   10  0.25    5  18145     768.88  100.000   7.689    690.540   1003.622    1337.04  7683.97
invite          equal           perStrength      1000  1000000 0.000000    5   10  0.25   10  18245     739.83  100.000   7.398    693.540    994.698    1389.06  7393.77
invite          equal           perStrength      1000  1000000 0.000100    5    5  0.00    5  18345    1429.61  200.000   7.148    689.110   1003.351     716.36  6851.88
invite          equal           perStrength      1000  1000000 0.000100    5    5  0.00   10  18445    1407.44  200.000   7.037    693.810    998.494     726.45  6766.10
invite          equal           perStrength      1000  1000000 0.000100    5    5  0.10    5  18545    1401.56  200.000   7.008    694.450   1000.221     726.22  6676.71
invite          equal           perStrength      1000  1000000 0.000100    5    5  0.10   10  18645    1361.52  200.000   6.808    690.100   1001.044     746.43  6549.52
invite          equal           perStrength      1000  1000000 0.000100    5    5  0.25    5  18745    1397.58  200.000   6.988    693.950    999.277     729.26  6746.31
invite          equal           perStrength      1000  1000000 0.000100    5    5  0.25   10  18845    1383.61  200.000   6.918    691.220   1002.966     737.98  6696.13
invite          equal           perStrength      1000  1000000 0.000100    5   10  0.00    5  18945     715.35  100.000   7.154    693.010    996.180    1427.40  7019.14
invite          equal           perStrength      1000  1000000 0.000100    5   10  0.00   10  19045     717.43  100.000   7.174    693.530    998.577    1431.28  7045.97
invite          equal           perStrength      1000  1000000 0.000100    5   10  0.10    5  19145     710.88  100.000   7.109    689.020   1000.619    1436.99  6921.52
invite          equal           perStrength      1000  1000000 0.000100    5   10  0.10   10  19245     745.42  100.000   7.454    689.720   1002.929    1378.27  7271.03
invite          equal           perStrength      1000  1000000 0.000100    5   10  0.25    5  19345     730.04  100.000   7.300    690.120   1000.813    1403.71  7161.42
invite          equal           perStrength      1000  1000000 0.000100    5   10  0.25   10  19445     719.31  100.000   7.193    693.890    994.811    1423.81  6998.84
invite          equal           perStrength      1000  1000000 0.001000    5    5  0.00    5  19545    1044.54  200.000   5.223    693.970    995.996     968.73  4408.75
invite          equal           perStrength      1000  1000000 0.001000    5    5  0.00   10  19645    1029.99  200.000   5.150    694.620    995.203     982.15  4436.05
invite          equal           perStrength      1000  1000000 0.001000    5    5  0.10    5  19745    1058.81  200.000   5.294    695.160    998.658     955.47  4421.95
invite          equal           perStrength      1000  1000000 0.001000    5    5  0.10   10  19845    1042.36  200.000   5.212    692.150   1001.708     969.95  4384.54
invite          equal           perStrength      1000  1000000 0.001000    5    5  0.25    5  19945    1037.00  200.000   5.185    687.700   1002.144     977.47  4465.83
invite          equal           perStrength      1000  1000000 0.001000    5    5  0.25   10  20045    1062.81  200.000   5.314    690.730   1002.166     952.39  4491.61
invite          equal           perStrength      1000  1000000 0.001000    5   10  0.00    5  20145     598.01  100.000   5.980    692.560    998.161    1696.91  5381.10
invite          equal           perStrength      1000  1000000 0.001000    5   10  0.00   10  20245     580.33  100.000   5.803    691.490   1001.203    1744.92  5247.47
invite          equal           perStrength      1000  1000000 0.001000    5   10  0.10    5  20345     584.42  100.000   5.844    691.670   1002.840    1736.58  5310.44
invite          equal           perStrength      1000  1000000 0.001000    5   10  0.10   10  20445     595.34  100.000   5.953    692.910   1000.178    1708.26  5375.55
invite          equal           perStrength      1000  1000000 0.001000    5   10  0.25    5  20545     601.89  100.000   6.019    695.460    996.551    1695.44  5393.84
invite          equal           perStrength      1000  1000000 0.001000    5   10  0.25   10  20645     599.73  100.000   5.997    694.570    996.332    1691.91  5291.88
invite          equal           perStrength      1000  1000000 0.010000    5    5  0.00    5  20745     621.08  200.000   3.105    692.220    996.357    1617.30  1460.15
invite          equal           perStrength      1000  1000000 0.010000    5    5  0.00   10  20845     621.45  200.000   3.107    692.410   1002.796    1617.80  1441.61
invite          equal           perStrength      1000  1000000 0.010000    5    5  0.10    5  20945     623.92  200.000   3.120    695.320    999.045    1613.17  1544.05
invite          equal           perStrength      1000  1000000 0.010000    5    5  0.10   10  21045     624.23  200.000   3.121    692.320    995.113    1610.71  1469.74
invite          equal           perStrength      1000  1000000 0.010000    5    5  0.25    5  21145     619.52  200.000   3.098    687.730   1003.127    1623.47  1531.16
invite          equal           perStrength      1000  1000000 0.010000    5    5  0.25   10  21245     621.54  200.000   3.108    692.710    997.341    1616.42  1495.15
invite          equal           perStrength      1000  1000000 0.010000    5   10  0.00    5  21345     375.14  100.000   3.751    693.480    998.645    2683.06  2426.32
invite          equal           perStrength      1000  1000000 0.010000    5   10  0.00   10  21445     364.96  100.000   3.650    692.190    999.034    2756.09  2397.86
invite          equal           perStrength      1000  1000000 0.010000    5   10  0.10    5  21545     369.22  100.000   3.692    693.180    999.292    2724.98  2318.42
invite          equal           perStrength      1000  1000000 0.010000    5   10  0.10   10  21645     364.74  100.000   3.647    690.640    997.060    2757.74  2442.84
invite          equal           perStrength      1000  1000000 0.010000    5   10  0.25    5  21745     370.56  100.000   3.706    692.480    998.322    2714.94  2354.03
invite          equal           perStrength      1000  1000000 0.010000    5   10  0.25   10  21845     367.96  100.000   3.680    690.730    999.529    2738.08  2404.52
invite          randomUniform   one              1000  1000000 0.000000    5    5  0.00    5  21945    7369.67 1000.000   7.370    692.400    995.213     138.71  7369.67
invite          randomUniform   one              1000  1000000 0.000000    5    5  0.00   10  22045    7711.46 1000.000   7.711    694.780    998.500     133.21  7711.46
invite          randomUniform   one              1000  1000000 0.000000    5    5  0.10    5  22145    7487.80 1000.000   7.488    689.730   1001.624     136.35  7487.80
invite          randomUniform   one              1000  1000000 0.000000    5    5  0.10   10  22245    7500.86 1000.000   7.501    689.480   1001.814     136.91  7500.86
invite          randomUniform   one              1000  1000000 0.000000    5    5  0.25    5  22345    7313.94 1000.000   7.314    691.110   1000.087     139.68  7313.94
invite          randomUniform   one              1000  1000000 0.000000    5    5  0.25   10  22445    7680.79 1000.000   7.681    689.270   1002.337     133.85  7680.79
invite          randomUniform   one              1000  1000000 0.000000    5   10  0.00    5  22545    7469.84 1000.000   7.470    690.410    998.723     137.18  7469.84
invite          randomUniform   one              1000  1000000 0.000000    5   10  0.00   10  22645    7545.04 1000.000   7.545    689.720   1003.551     135.65  7545.04
invite          randomUniform   one              1000  1000000 0.000000    5   10  0.10    5  22745    7628.02 1000.000   7.628    692.520    999.090     134.40  7628.02
invite          randomUniform   one              1000  1000000 0.000000    5   10  0.10   10  22845    7370.27 1000.000   7.370    693.620    994.549     139.20  7370.27
invite          randomUniform   one              1000  1000000 0.000000    5   10  0.25    5  22945    7356.55 1000.000   7.357    692.650    993.498     139.30  7356.55
invite          randomUniform   one              1000  1000000 0.000000    5   10  0.25   10  23045    7514.93 1000.000   7.515    691.580    999.803     136.26  7514.93
invite          randomUniform   one              1000  1000000 0.000100    5    5  0.00    5  23145    5950.71 1000.000   5.951    687.830   1008.782     170.23  5352.71
invite          randomUniform   one              1000  1000000 0.000100    5    5  0.00   10  23245    5909.28 1000.000   5.909    694.420    999.893     171.91  5421.81
invite          randomUniform   one              1000  1000000 0.000100    5    5  0.10    5  23345    5936.93 1000.000   5.937    692.080    999.067     170.43  5320.61
invite          randomUniform   one              1000  1000000 0.000100    5    5  0.10   10  23445    5881.28 1000.000   5.881    689.750    996.485     172.18  5217.59
invite          randomUniform   one              1000  1000000 0.000100    5    5  0.25    5  23545    6008.16 1000.000   6.008    694.290    998.319     168.80  5318.34
invite          randomUniform   one              1000  1000000 0.000100    5    5  0.25   10  23645    5984.73 1000.000   5.985    692.970    997.848     169.51  5308.32
invite          randomUniform   one              1000  1000000 0.000100    5   10  0.00    5  23745    5861.37 1000.000   5.861    693.820    995.365     172.37  5309.52
invite          randomUniform   one              1000  1000000 0.000100    5   10  0.00   10  23845    5858.58 1000.000   5.859    693.400    997.495     173.16  5260.36
invite          randomUniform   one              1000  1000000 0.000100    5   10  0.10    5  23945    5906.22 1000.000   5.906    691.530    999.655     171.75  5322.49
invite          randomUniform   one              1000  1000000 0.000100    5   10  0.10   10  24045    5989.79 1000.000   5.990    691.130    995.883     169.93  5291.88
invite          randomUniform   one              1000  1000000 0.000100    5   10  0.25    5  24145    5856.04 1000.000   5.856    693.850    995.641     173.24  5180.41
invite          randomUniform   one              1000  1000000 0.000100    5   10  0.25   10  24245    5901.13 1000.000   5.901    694.220    999.307     172.31  5320.33
invite          randomUniform   one              1000  1000000 0.001000    5    5  0.00    5  24345    3684.11 1000.000   3.684    693.890   1000.997     273.53  2382.30
invite          randomUniform   one              1000  1000000 0.001000    5    5  0.00   10  24445    3749.12 1000.000   3.749    690.080   1002.431     268.72  2398.75
invite          randomUniform   one              1000  1000000 0.001000    5    5  0.10    5  24545    3700.15 1000.000   3.700    691.810   1001.129     272.23  2419.57
invite          randomUniform   one              1000  1000000 0.001000    5    5  0.10   10  24645    3668.51 1000.000   3.669    689.610    998.878     274.61  2436.14
invite          randomUniform   one              1000  1000000 0.001000    5    5  0.25    5  24745    3785.68 1000.000   3.786    691.830   1002.736     266.57  2342.00
invite          randomUniform   one              1000  1000000 0.001000    5    5  0.25   10  24845    3735.60 1000.000   3.736    693.730    993.541     269.49  2414.62
invite          randomUniform   one              1000  1000000 0.001000    5   10  0.00    5  24945    3734.24 1000.000   3.734    694.620    997.071     270.08  2399.40
invite          randomUniform   one              1000  1000000 0.001000    5   10  0.00   10  25045    3680.11 1000.000   3.680    690.900    999.501     273.20  2420.29
invite          randomUniform   one              1000  1000000 0.001000    5   10  0.10    5  25145    3737.07 1000.000   3.737    695.690    997.193     269.45  2463.68
invite          randomUniform   one              1000  1000000 0.001000    5   10  0.10   10  25245    3665.78 1000.000   3.666    691.720   1000.917     274.63  2358.87
invite          randomUniform   one              1000  1000000 0.001000    5   10  0.25    5  25345    3712.49 1000.000   3.712    694.350    996.410     271.23  2368.83
invite          randomUniform   one              1000  1000000 0.001000    5   10  0.25   10  25445    3675.25 1000.000   3.675    691.200    998.256     273.74  2371.16
invite          randomUniform   one              1000  1000000 0.010000    5    5  0.00    5  25545    2093.41 1000.000   2.093    690.880   1001.150     478.63   171.81
invite          randomUniform   one              1000  1000000 0.010000    5    5  0.00   10  25645    2091.38 1000.000   2.091    690.850   1004.715     479.72   191.48
invite          randomUniform   one              1000  1000000 0.010000    5    5  0.10    5  25745    2096.99 1000.000   2.097    697.190    990.790     477.89   190.66
invite          randomUniform   one              1000  1000000 0.010000    5    5  0.10   10  25845    2094.32 1000.000   2.094    692.320    996.638     478.78   192.39
invite          randomUniform   one              1000  1000000 0.010000    5    5  0.25    5  25945    2092.33 1000.000   2.092    694.090   1000.098     479.25   177.79
invite          randomUniform   one              1000  1000000 0.010000    5    5  0.25   10  26045    2096.17 1000.000   2.096    694.090    998.863     478.38   181.98
invite          randomUniform   one              1000  1000000 0.010000    5   10  0.00    5  26145    2090.02 1000.000   2.090    693.400    999.208     479.48   176.40
invite          randomUniform   one              1000  1000000 0.010000    5   10  0.00   10  26245    2095.39 1000.000   2.095    691.590    998.416     478.00   182.39
invite          randomUniform   one              1000  1000000 0.010000    5   10  0.10    5  26345    2104.23 1000.000   2.104    698.160    997.229     476.67   173.37
invite          randomUniform   one              1000  1000000 0.010000    5   10  0.10   10  26445    2094.75 1000.000   2.095    693.720    997.091     478.44   166.84
invite          randomUniform   one              1000  1000000 0.010000    5   10  0.25    5  26545    2098.35 1000.000   2.098    693.870    996.619     477.73   180.91
invite          randomUniform   one              1000  1000000 0.010000    5   10  0.25   10  26645    2084.71 1000.000   2.085    694.660    994.429     480.62   191.35
invite          randomUniform   perStrength      1000  1000000 0.000000    5    5  0.00    5  26745    5952.44  332.993  17.876    691.410   1001.980     173.84  7531.21
invite          randomUniform   perStrength      1000  1000000 0.000000    5    5  0.00   10  26845    5696.61  332.904  17.112    687.200   1005.187     181.86  7794.91
invite          randomUniform   perStrength      1000  1000000 0.000000    5    5  0.10    5  26945    5732.22  334.168  17.154    693.010    994.886     181.66  7392.45
invite          randomUniform   perStrength      1000  1000000 0.000000    5    5  0.10   10  27045    5814.99  332.935  17.466    692.450    996.999     178.00  7434.45
invite          randomUniform   perStrength      1000  1000000 0.000000    5    5  0.25    5  27145    5798.77  333.644  17.380    692.160    997.888     178.19  7592.26
invite          randomUniform   perStrength      1000  1000000 0.000000    5    5  0.25   10  27245    5949.13  333.472  17.840    692.590   1001.727     173.84  7492.81
invite          randomUniform   perStrength      1000  1000000 0.000000    5   10  0.00    5  27345    5352.63  182.128  29.389    692.700    999.939     197.22  7491.70
invite          randomUniform   perStrength      1000  1000000 0.000000    5   10  0.00   10  27445    4993.87  181.940  27.448    693.540    998.111     206.62  7457.93
invite          randomUniform   perStrength      1000  1000000 0.000000    5   10  0.10    5  27545    5241.59  181.589  28.865    691.840    998.724     199.93  7607.94
invite          randomUniform   perStrength      1000  1000000 0.000000    5   10  0.10   10  27645    5191.84  182.082  28.514    695.290    995.810     204.10  7441.87
invite          randomUniform   perStrength      1000  1000000 0.000000    5   10  0.25    5  27745    5184.85  181.881  28.507    695.300    997.797     202.51  7361.77
invite          randomUniform   perStrength      1000  1000000 0.000000    5   10  0.25   10  27845    5248.53  181.363  28.939    696.100    994.310     201.90  7561.92
invite          randomUniform   perStrength      1000  1000000 0.000100    5    5  0.00    5  27945    4446.74  333.281  13.342    693.370    999.945     230.14  6081.40
invite          randomUniform   perStrength      1000  1000000 0.000100    5    5  0.00   10  28045    4343.56  333.218  13.035    692.340    997.317     236.27  6145.15
invite          randomUniform   perStrength      1000  1000000 0.000100    5    5  0.10    5  28145    4324.78  333.963  12.950    693.230    995.219     236.53  6060.65
invite          randomUniform   perStrength      1000  1000000 0.000100    5    5  0.10   10  28245    4336.66  332.725  13.034    689.950   1000.673     236.24  6216.56
invite          randomUniform   perStrength      1000  1000000 0.000100    5    5  0.25    5  28345    4481.59  333.287  13.447    691.420    999.229     229.35  6234.85
invite          randomUniform   perStrength      1000  1000000 0.000100    5    5  0.25   10  28445    4396.56  333.311  13.191    693.820   1000.094     231.81  6052.04
invite          randomUniform   perStrength      1000  1000000 0.000100    5   10  0.00    5  28545    3807.44  181.725  20.952    692.910    995.026     271.41  6537.60
invite          randomUniform   perStrength      1000  1000000 0.000100    5   10  0.00   10  28645    3864.93  182.308  21.200    690.140   1000.581     268.11  6496.45
invite          randomUniform   perStrength      1000  1000000 0.000100    5   10  0.10    5  28745    3789.03  181.732  20.850    691.380   1001.948     272.72  6571.41
invite          randomUniform   perStrength      1000  1000000 0.000100    5   10  0.10   10  28845    3897.58  182.107  21.403    693.790    999.707     264.57  6483.43
invite          randomUniform   perStrength      1000  1000000 0.000100    5   10  0.25    5  28945    3707.77  181.447  20.435    693.190    994.808     277.71  6330.04
invite          randomUniform   perStrength      1000  1000000 0.000100    5   10  0.25   10  29045    3864.67  182.037  21.230    696.470    995.611     269.48  6653.08
invite          randomUniform   perStrength      1000  1000000 0.001000    5    5  0.00    5  29145    2299.00  332.886   6.906    694.550    998.870     441.06  3762.09
invite          randomUniform   perStrength      1000  1000000 0.001000    5    5  0.00   10  29245    2325.61  333.956   6.964    693.170    996.156     437.12  3626.95
invite          randomUniform   perStrength      1000  1000000 0.001000    5    5  0.10    5  29345    2342.07  333.771   7.017    694.470    994.366     432.82  3570.51
invite          randomUniform   perStrength      1000  1000000 0.001000    5    5  0.10   10  29445    2308.74  334.057   6.911    694.900    995.272     438.54  3531.37
invite          randomUniform   perStrength      1000  1000000 0.001000    5    5  0.25    5  29545    2368.37  333.154   7.109    691.620   1000.186     429.33  3669.89
invite          randomUniform   perStrength      1000  1000000 0.001000    5    5  0.25   10  29645    2326.01  333.048   6.984    696.250    995.100     436.40  3551.51
invite          randomUniform   perStrength      1000  1000000 0.001000    5   10  0.00    5  29745    1920.64  181.914  10.558    695.330    996.101     533.88  4268.60
invite          randomUniform   perStrength      1000  1000000 0.001000    5   10  0.00   10  29845    1923.68  182.075  10.565    694.140    995.772     528.68  4179.39
invite          randomUniform   perStrength      1000  1000000 0.001000    5   10  0.10    5  29945    1914.26  181.904  10.523    690.280   1000.387     531.41  4302.57
invite          randomUniform   perStrength      1000  1000000 0.001000    5   10  0.10   10  30045    1933.30  181.475  10.653    692.790    999.809     527.01  4158.00
invite          randomUniform   perStrength      1000  1000000 0.001000    5   10  0.25    5  30145    1954.39  182.043  10.736    692.060   1003.876     521.13  4177.45
invite          randomUniform   perStrength      1000  1000000 0.001000    5   10  0.25   10  30245    1944.66  181.622  10.707    687.160   1003.481     526.54  4209.99
invite          randomUniform   perStrength      1000  1000000 0.010000    5    5  0.00    5  30345    1034.61  333.166   3.105    695.900    997.070     972.63   698.69
invite          randomUniform   perStrength      1000  1000000 0.010000    5    5  0.00   10  30445    1056.82  333.300   3.171    689.700    999.730     952.73   545.15
invite          randomUniform   perStrength      1000  1000000 0.010000    5    5  0.10    5  30545    1032.23  334.257   3.088    697.040    994.739     973.27   710.38
invite          randomUniform   perStrength      1000  1000000 0.010000    5    5  0.10   10  30645    1046.94  333.334   3.141    689.790    999.149     958.82   638.75
invite          randomUniform   perStrength      1000  1000000 0.010000    5    5  0.25    5  30745    1045.79  333.291   3.138    691.550   1001.628     961.94   701.17
invite          randomUniform   perStrength      1000  1000000 0.010000    5    5  0.25   10  30845    1037.38  334.346   3.103    692.900    996.101     968.33   613.35
invite          randomUniform   perStrength      1000  1000000 0.010000    5   10  0.00    5  30945     731.56  181.528   4.030    689.690    997.777    1377.23  1199.37
invite          randomUniform   perStrength      1000  1000000 0.010000    5   10  0.00   10  31045     743.88  182.010   4.087    696.460    999.206    1356.89  1148.69
invite          randomUniform   perStrength      1000  1000000 0.010000    5   10  0.10    5  31145     747.51  181.797   4.112    694.600    998.316    1350.30  1094.65
invite          randomUniform   perStrength      1000  1000000 0.010000    5   10  0.10   10  31245     734.46  182.477   4.025    691.760    998.774    1376.42  1174.08
invite          randomUniform   perStrength      1000  1000000 0.010000    5   10  0.25    5  31345     744.44  181.898   4.093    694.410   1000.774    1353.94  1197.46
invite          randomUniform   perStrength      1000  1000000 0.010000    5   10  0.25   10  31445     742.72  182.353   4.073    688.920   1001.543    1359.21  1222.46
