invite          equal           one               100  1000000 0.000000    5    5  0.00    5  12345
   30965 10000.000   3.096   7229   9463.376     32.295    30961
   25007 10000.000   2.501   7836   8498.559     39.989    25003
   48507 10000.000   4.851   7225   9565.973     20.616    48506
   29534 10000.000   2.953   8182   7964.138     33.859    29534
   44917 10000.000   4.492   5962  11147.115     22.263    44917
   57420 10000.000   5.742   5941  11367.561     17.416    57416
   35663 10000.000   3.566   6777   9016.197     28.040    35659
   36001 10000.000   3.600   6346   9875.795     27.777    36000
   49439 10000.000   4.944   7150  10491.520     20.227    49439
   32797 10000.000   3.280   5898  10393.864     30.491    32796
   35329 10000.000   3.533   7221   9951.293     28.305    35326
   26481 10000.000   2.648   7674   8887.813     37.763    26481
   51048 10000.000   5.105   6755  10346.948     19.589    51044
   26334 10000.000   2.633   7925   8577.552     37.974    23598
   31874 10000.000   3.187   7253   8930.041     31.374    31870
   60083 10000.000   6.008   6501  10493.430     16.644    59937
   25433 10000.000   2.543   7464   8881.294     39.319    25428
   32518 10000.000   3.252   7450  10297.737     30.752    32518
   25633 10000.000   2.563   7041   9197.448     39.012    25633
   38834 10000.000   3.883   6742   9607.489     25.751    38830
   38430 10000.000   3.843   6258  10751.909     26.021    38426
   30883 10000.000   3.088   7018   9876.310     32.380    30879
   41769 10000.000   4.177   6395  10605.649     23.941    41767
   29514 10000.000   2.951   8557   9369.571     33.882    29291
   27511 10000.000   2.751   7279   9197.898     36.349    27510
   41251 10000.000   4.125   6979   9574.862     24.242    41249
   32273 10000.000   3.227   6552   8687.160     30.986    32190
   43135 10000.000   4.314   6883   9873.840     23.183    43133
   51298 10000.000   5.130   6614  11092.874     19.494    51295
   50748 10000.000   5.075   5852  10388.830     19.705    50748
   30538 10000.000   3.054   7072   9030.365     32.746    30535
   30901 10000.000   3.090   6282   9931.858     32.361    30897
   39373 10000.000   3.937   6672   9715.391     25.398    39369
   47441 10000.000   4.744   7703   9039.329     21.079    47438
   58470 10000.000   5.847   8107   9936.927     17.103    58470
   37472 10000.000   3.747   6490  10132.757     26.687    37470
   41248 10000.000   4.125   6114  10260.297     24.244    41245
   34098 10000.000   3.410   6785   8989.752     29.327    34098
   30587 10000.000   3.059   7483   9409.843     32.694    30587
   30621 10000.000   3.062   7205   9120.800     32.657    30621
   36994 10000.000   3.699   7911  10319.547     27.031    36993
   45931 10000.000   4.593   5669  11934.707     21.772    45930
   41491 10000.000   4.149   6692  10559.312     24.102    41488
   33588 10000.000   3.359   6801   8801.809     29.773    33585
   33742 10000.000   3.374   6762   9279.409     29.637    33738
   30404 10000.000   3.040   7950   8861.557     32.890    30404
   32092 10000.000   3.209   6728   8994.808     31.160    32091
   28984 10000.000   2.898   6227   9702.564     34.502    28980
   24558 10000.000   2.456   7324   9591.979     40.720    24556
   45720 10000.000   4.572   5866  11795.171     21.872    45720
   40423 10000.000   4.042   7950   9737.749     24.738    40420
   53519 10000.000   5.352   5883  11268.652     18.685    53518
   39392 10000.000   3.939   6785   9819.469     25.386    39389
   28148 10000.000   2.815   7849   8927.712     35.527    28145
   30555 10000.000   3.055   6006   9766.891     32.728    30555
   28761 10000.000   2.876   7541   7984.317     34.769    28760
   39734 10000.000   3.973   7524   8931.595     25.167    39734
   36533 10000.000   3.653   7376   9336.646     27.373    36530
   30518 10000.000   3.052   6929   9805.283     32.768    30514
   29023 10000.000   2.902   5980  10740.922     34.455    29017
   35227 10000.000   3.523   6585  10611.987     28.387    35227
   37590 10000.000   3.759   5571  10363.441     26.603    37590
   54984 10000.000   5.498   5353  12699.419     18.187    54980
   32423 10000.000   3.242   7826   9985.736     30.842    32420
   42133 10000.000   4.213   6730  10895.436     23.734    42132
   29708 10000.000   2.971   5450  10102.301     33.661    29708
   26383 10000.000   2.638   7186   8408.748     37.903    26372
   49414 10000.000   4.941   8038   9456.474     20.237    49411
   24033 10000.000   2.403   7260   8255.155     41.609    24029
   30406 10000.000   3.041   5658  10181.458     32.888    30404
   32173 10000.000   3.217   7515   9470.549     31.082    32169
   31962 10000.000   3.196   6910   9205.134     31.287    31860
   55513 10000.000   5.551   5862  11671.860     18.014    55509
   35434 10000.000   3.543   6050  10400.071     28.221    35430
   57032 10000.000   5.703   6152  10404.555     17.534    57031
   36712 10000.000   3.671   6447  10113.783     27.239    36708
   43010 10000.000   4.301   6505   9814.368     23.250    43009
   47287 10000.000   4.729   6896   9541.223     21.147    47283
   23721 10000.000   2.372   7728   7822.878     42.157    23716
   49514 10000.000   4.951   5947  10305.556     20.196    49511
   33519 10000.000   3.352   6619   9587.150     29.834    33516
   35228 10000.000   3.523   7186   8903.747     28.387    35226
   41813 10000.000   4.181   5828  10423.311     23.916    41812
   24472 10000.000   2.447   7980   8068.041     40.863    24470
   51101 10000.000   5.110   5666  10432.435     19.569    51098
