invite          equal           perStrength       100  1000000 0.000000    5    5  0.00    5  13545
    8953 2000.000   4.476   7161   9573.376    111.694    44745
    8551 2000.000   4.276   7042  10553.951    116.945    42732
    9388 2000.000   4.694   6469   9997.891    106.519    46912
    5919 2000.000   2.959   6098   9833.333    168.947    29579
    5434 2000.000   2.717   6843   9208.612    184.026    27165
    8851 2000.000   4.426   5856  11109.590    112.982    44246
    5581 2000.000   2.791   6693   8604.055    179.179    27893
    6578 2000.000   3.289   5436  10721.789    152.022    32872
    7513 2000.000   3.756   6186   9931.397    133.103    37556
    5367 2000.000   2.683   6383  10126.607    186.324    26825
    6776 2000.000   3.388   7442   9324.994    147.580    33839
    8483 2000.000   4.242   6589   9242.683    117.883    42400
    8009 2000.000   4.005   5148  11411.522    124.860    39967
    7224 2000.000   3.612   7007   9371.517    138.427    36078
    6561 2000.000   3.280   7084   9146.179    152.416    32777
    8055 2000.000   4.027   6783   9512.214    124.146    40258
    9441 2000.000   4.721   7444  10058.817    105.921    47197
    9645 2000.000   4.822   8166   9187.736    103.681    48208
    5590 2000.000   2.795   6733   9380.776    178.891    27923
    6357 2000.000   3.179   7530   9293.683    157.307    31761
    8466 2000.000   4.233   7154   9790.678    118.120    42311
    5340 2000.000   2.670   8253   8349.534    187.266    26691
   15954 2000.000   7.977   6431  12135.155     62.680    79760
    4847 2000.000   2.424   8384   8577.107    206.313    24216
    6689 2000.000   3.345   6643  10025.868    149.499    33422
    8404 2000.000   4.202   7141   9676.470    118.991    41970
    5548 2000.000   2.774   6736   8169.345    180.245    27727
    9446 2000.000   4.723   6334  11550.987    105.865    47218
    9571 2000.000   4.785   6641  10623.784    104.482    47821
    8492 2000.000   4.246   6645  10561.528    117.758    42451
    6207 2000.000   3.103   6643  10044.620    161.108    31015
    6527 2000.000   3.264   6648   9619.256    153.210    32629
    9979 2000.000   4.989   5742  10640.751    100.210    49880
    5760 2000.000   2.880   7173   8939.453    173.611    28774
    6257 2000.000   3.128   7270   9284.155    159.821    31261
    4544 2000.000   2.272   9102   7459.322    220.070    22707
    8641 2000.000   4.321   8343  10730.248    115.727    43160
    5742 2000.000   2.871   7198   9803.234    174.155    28699
    7905 2000.000   3.953   6872   9267.969    126.502    39503
    5441 2000.000   2.720   7835   8661.983    183.790    27194
    7650 2000.000   3.825   6577   9646.830    130.719    38211
    7161 2000.000   3.580   7368  10668.738    139.645    35793
    6991 2000.000   3.495   7644   9446.010    143.041    34949
   10971 2000.000   5.486   6296  13190.364     91.149    54717
   11990 2000.000   5.995   6793  11436.596     83.403    59920
    5550 2000.000   2.775   6384   9227.724    180.180    27739
    4311 2000.000   2.155   7503   8387.918    231.965    21535
    6204 2000.000   3.102   5982  10068.839    161.186    31003
    7007 2000.000   3.503   5994  11514.941    142.714    35027
    9006 2000.000   4.503   7280   9557.206    111.037    45012
    8349 2000.000   4.175   6265  10105.594    119.775    41707
    7146 2000.000   3.573   5836  10023.007    139.938    35728
    7144 2000.000   3.572   6452  10433.268    139.978    35703
    6270 2000.000   3.135   7798   8695.366    159.490    31254
    7585 2000.000   3.792   7422   9335.698    131.839    37905
    8011 2000.000   4.005   7191  10048.580    124.828    40016
    7236 2000.000   3.618   6714   9938.115    138.198    36153
    7766 2000.000   3.883   6420   9403.512    128.766    38807
    6164 2000.000   3.082   5726  10290.127    162.232    30804
    4925 2000.000   2.462   8045   8797.718    203.046    24599
    7414 2000.000   3.707   7791   8179.162    134.880    37050
   11489 2000.000   5.745   6960  10860.701     87.040    57427
    8152 2000.000   4.076   6703   9189.979    122.669    40744
   14596 2000.000   7.298   6171  11738.538     68.512    72968
    4761 2000.000   2.381   7297   8556.452    210.040    23739
    6766 2000.000   3.383   6020   9809.026    147.798    33819
    6993 2000.000   3.497   5945  10315.911    143.000    34943
    7418 2000.000   3.709   5825  10129.349    134.807    37068
    7005 2000.000   3.502   5838  11073.260    142.755    35016
    6789 2000.000   3.394   7439   8302.896    147.297    33943
    6477 2000.000   3.239   6436   9660.801    154.392    32377
    5619 2000.000   2.809   7323   8355.470    177.968    28046
    9114 2000.000   4.557   7266   9327.195    109.721    45564
    5834 2000.000   2.917   5347  11182.587    171.409    29155
   10051 2000.000   5.026   6287  10716.013     99.493    50250
    5011 2000.000   2.506   7423   8308.140    199.561    25019
   11020 2000.000   5.510   6346  11533.840     90.744    55077
    6309 2000.000   3.155   8738   8673.811    158.504    29422
    8097 2000.000   4.048   7714   9467.422    123.503    40459
   11303 2000.000   5.652   6256  10576.678     88.472    56488
    5864 2000.000   2.932   7527   9177.866    170.532    29296
    7031 2000.000   3.515   6796   9615.556    142.227    35121
    6707 2000.000   3.353   7288   9307.182    149.098    33520
    5437 2000.000   2.719   7611   8692.938    183.925    27138
    6191 2000.000   3.095   7254   9064.337    161.525    30932
   12754 2000.000   6.377   6435  11462.504     78.407    61024
    6973 2000.000   3.486   7197  11056.602    143.410    34848
    5388 2000.000   2.694   6465   9160.750    185.598    26900
    9236 2000.000   4.618   5960  10633.232    108.272    46165
   11011 2000.000   5.505   6497  12557.087     90.818    55044
   10140 2000.000   5.070   5910  10300.183     98.619    50683
    8891 2000.000   4.446   7029  10335.481    112.473    44413
    8980 2000.000   4.490   6759   9709.313    111.359    44893
    7038 2000.000   3.519   7224   9644.587    142.086    35168
    5835 2000.000   2.917   7374   8458.316    171.380    29162
    7388 2000.000   3.694   5992  10457.258    135.355    36925
    8681 2000.000   4.340   6841   9576.872    115.194    43386
    6992 2000.000   3.496   5726  10640.157    143.021    34938
    5760 2000.000   2.880   7570   9442.634    173.611    28781
    7237 2000.000   3.619   7507   9481.144    138.179    36180
invite          equal           perStrength       100  1000000 0.000000    5    5  0.00   10  13645
    8408 2000.000   4.204   6280  10535.039    118.934    42023
    6510 2000.000   3.255   6354   9655.907    153.610    32531
   10491 2000.000   5.245   6363  11026.319     95.320    52429
    6092 2000.000   3.046   7182   9376.148    164.150    30442
   10535 2000.000   5.268   6514   9907.584     94.922    52668
    6472 2000.000   3.236   6824  10129.332    154.512    31806
    8274 2000.000   4.137   8174   8575.096    120.861    41346
    7300 2000.000   3.650   7629   8554.628    136.986    36495
   10072 2000.000   5.036   7844   9448.772     99.285    50340
    6389 2000.000   3.195   7230   9772.169    156.519    31929
    8152 2000.000   4.076   7443   9114.763    122.669    40751
    8738 2000.000   4.369   7360   9905.434    114.443    43669
    5020 2000.000   2.510   7116   9829.662    199.203    25098
   13247 2000.000   6.623   6939  10476.208     75.489    66229
    5628 2000.000   2.814   7270   9184.870    177.683    28136
    6017 2000.000   3.009   6256   9476.138    166.196    30076
    6013 2000.000   3.006   8392   9268.690    166.306    30025
    9488 2000.000   4.744   6984  10098.510    105.396    47360
    6121 2000.000   3.061   8301   8709.971    163.372    30590
    8519 2000.000   4.260   5605  10632.443    117.385    42546
    6000 2000.000   3.000   6219   8972.229    166.667    29800
    7485 2000.000   3.743   6696   9450.865    133.601    37419
    7578 2000.000   3.789   7216   9049.883    131.961    37877
    7224 2000.000   3.612   6024   9793.698    138.427    36094
    6808 2000.000   3.404   7613   9316.924    146.886    34034
   10016 2000.000   5.008   7508  10179.328     99.840    49155
    7763 2000.000   3.881   6738  10752.140    128.816    38810
    7797 2000.000   3.898   6785   9225.643    128.254    38978
    6940 2000.000   3.470   6909   9479.683    144.092    34694
    6647 2000.000   3.324   5810   9908.001    150.444    33230
    7850 2000.000   3.925   6244  11268.267    127.389    39238
    5000 2000.000   2.500   6019   9794.502    200.000    24983
    5246 2000.000   2.623   6538   9667.368    190.621    26223
    6192 2000.000   3.096   6259  10100.899    161.499    30935
   10032 2000.000   5.016   6305  11495.513     99.681    50150
    5878 2000.000   2.939   7305   7987.683    170.126    29384
    5496 2000.000   2.748   6809   8763.032    181.951    27414
    6242 2000.000   3.121   7789   8463.112    160.205    31207
    9033 2000.000   4.516   6271  10172.376    110.705    45156
    6753 2000.000   3.377   4981  12338.453    148.082    33731
    9073 2000.000   4.537   6046  10495.854    110.217    45356
    5304 2000.000   2.652   7874   8103.107    188.537    26490
    7716 2000.000   3.858   6669  11081.417    129.601    38555
    5504 2000.000   2.752   7586   8202.815    181.686    27505
