randomInjection randomUniform   perStrength      1000  1000000 0.010000    5   10  0.25   -1  21845
     364  178.763   2.036    680   1059.600   2747.253     1833
     344  182.448   1.885    738   1009.644   2906.977     1894
     350  181.061   1.933    699    960.569   2857.143     2011
     319  184.740   1.727    675    965.277   3134.796     1963
     303  179.888   1.684    666   1052.982   3300.330     1886
     319  181.752   1.755    686    980.877   3134.796     1934
     358  185.598   1.929    706    932.928   2793.296     2022
     321  184.366   1.741    707    979.215   3115.265     1910
     314  180.734   1.737    710    977.305   3184.713     1801
     346  181.225   1.909    671   1063.300   2890.173     1725
     307  185.288   1.657    704    980.038   3257.329     1803
     327  189.897   1.722    663   1038.795   3058.104     1987
     322  184.366   1.747    686    985.239   3105.590     1990
     335  184.366   1.817    674   1034.786   2985.075     1763
     315  180.603   1.744    702    983.701   3174.603     2022
     308  178.412   1.726    684   1018.259   3246.753     1884
     325  181.917   1.787    650   1038.563   3076.923     1941
     378  178.635   2.116    668   1006.812   2645.503     1830
     320  180.668   1.771    709    991.734   3125.000     1758
     326  180.473   1.806    725    981.917   3067.485     1818
     391  181.752   2.151    686   1011.521   2557.545     2160
     325  184.060   1.766    700    990.984   3076.923     1944
     294  182.448   1.611    713    958.254   3401.361     1926
     336  179.533   1.872    698    995.848   2976.190     1917
     313  178.444   1.754    661   1034.996   3194.888     1893
     362  180.473   2.006    706    950.904   2762.431     1723
     349  181.455   1.923    696    997.002   2865.330     1957
     364  177.715   2.048    671    990.866   2747.253     1964
     344  185.219   1.857    697   1003.008   2906.977     1881
     347  183.722   1.889    686   1014.355   2881.844     2021
     343  178.571   1.921    682    974.448   2915.452     1782
     309  182.582   1.692    717    968.871   3236.246     1848
     362  181.455   1.995    689    985.204   2762.431     1732
     348  181.061   1.922    645   1019.292   2873.563     2008
     312  182.515   1.709    700   1048.311   3205.128     1987
     306  180.408   1.696    670    995.367   3267.974     1953
     327  180.799   1.809    672   1038.201   3058.104     1903
     335  181.225   1.849    717    993.540   2985.075     1926
     346  181.389   1.907    726    994.853   2890.173     2328
     368  182.083   2.021    707    949.714   2717.391     1855
     349  185.014   1.886    684    978.611   2865.330     1958
     320  181.686   1.761    684   1011.612   3125.000     1851
     321  181.455   1.769    690    976.072   3115.265     2079
     331  183.554   1.803    728    986.045   3021.148     2157
     350  176.180   1.987    715    961.093   2857.143     1707
     313  182.083   1.719    674   1002.865   3194.888     1907
     291  177.336   1.641    693   1012.745   3436.426     2029
     371  184.366   2.012    661   1035.226   2695.418     1934
     317  176.710   1.794    681   1006.708   3154.574     2223
     310  188.395   1.645    672   1051.673   3225.806     1873
     367  181.094   2.027    685    995.077   2724.796     1705
     351  182.582   1.922    675   1023.633   2849.003     2188
     323  179.115   1.803    707    962.027   3095.975     2040
     314  179.856   1.746    676   1025.335   3184.713     1979
     336  183.554   1.831    697    965.506   2976.190     1749
     307  183.453   1.673    650   1063.564   3257.329     2057
     346  181.752   1.904    663   1010.692   2890.173     2111
     323  180.375   1.791    650   1051.087   3095.975     1964
     340  179.662   1.892    696   1021.689   2941.176     2098
     308  181.159   1.700    686   1027.457   3246.753     1960
     288  182.116   1.581    690    976.933   3472.222     1997
     346  186.116   1.859    675   1028.149   2890.173     1944
     342  185.770   1.841    683   1038.341   2923.977     1935
     321  185.805   1.728    669   1012.393   3115.265     1937
     325  179.662   1.809    702    999.801   3076.923     1962
     314  183.756   1.709    694   1017.513   3184.713     1992
     395  182.349   2.166    685   1018.979   2531.646     2123
     332  181.785   1.826    690    965.429   3012.048     2047
     331  184.706   1.792    708    977.883   3021.148     1931
     344  181.488   1.895    683   1013.770   2906.977     1934
     310  186.185   1.665    721    933.449   3225.806     1878
     307  185.048   1.659    696   1015.851   3257.329     2085
     327  184.911   1.768    689   1017.716   3058.104     1839
     345  184.162   1.873    680   1015.507   2898.551     1890
     332  182.916   1.815    669    977.959   3012.048     2208
     312  180.701   1.727    686    945.376   3205.128     2035
     303  182.149   1.663    721    966.943   3300.330     1784
     303  184.468   1.643    706    967.510   3300.330     2171
     312  182.949   1.705    679   1047.340   3205.128     2110
     303  178.859   1.694    748    969.960   3300.330     1998
     320  179.501   1.783    685    984.151   3125.000     1917
     324  184.264   1.758    702    989.226   3086.420     2033
     338  181.752   1.860    685   1022.199   2958.580     1806
     326  179.115   1.820    680    983.998   3067.485     2015
     348  180.832   1.924    674   1079.430   2873.563     1986
     320  180.050   1.777    709    992.381   3125.000     1852
     301  178.763   1.684    700    979.319   3322.259     2055
     336  182.983   1.836    686   1026.172   2976.190     1940
     313  177.117   1.767    690    958.027   3194.888     2008
     294  183.453   1.603    699    961.368   3401.361     1848
     317  179.469   1.766    691   1010.104   3154.574     1926
     301  183.083   1.644    710    965.605   3322.259     1928
     324  184.400   1.757    688   1059.398   3086.420     2124
     310  179.083   1.731    750    924.600   3225.806     2149
     326  182.249   1.789    695    992.480   3067.485     1921
     329  181.686   1.811    688   1009.460   3039.514     1872
     322  181.984   1.769    684   1028.175   3105.590     2117
     319  186.150   1.714    695    999.178   3134.796     1965
     322  188.005   1.713    688    966.350   3105.590     2059
     291  180.832   1.609    671    993.998   3436.426     2137
