invite          equal           perStrength      1000  1000000 0.000000    5    5  0.00    5  13545
     960  200.000   4.800    708    975.449   1041.667     4777
    1116  200.000   5.580    712    979.458    896.057     5541
    1203  200.000   6.015    640   1019.643    831.255     5990
    1123  200.000   5.615    686    996.039    890.472     5595
    1014  200.000   5.070    693    989.751    986.193     5041
     946  200.000   4.730    693    982.325   1057.082     4704
     721  200.000   3.605    690    969.823   1386.963     3549
    1328  200.000   6.640    689    980.905    753.012     6605
    1117  200.000   5.585    691    976.300    895.255     5568
    1064  200.000   5.320    688    980.096    939.850     5300
     873  200.000   4.365    738    946.606   1145.475     4358
    1153  200.000   5.765    697    995.182    867.303     5467
     999  200.000   4.995    701    975.633   1001.001     4977
    1071  200.000   5.355    684   1000.212    933.707     5344
     951  200.000   4.755    751    919.596   1051.525     4744
     765  200.000   3.825    714    934.400   1307.190     3805
    1004  200.000   5.020    766    931.592    996.016     4993
    1058  200.000   5.290    707    961.394    945.180     5283
    1067  200.000   5.335    746    967.675    937.207     5331
    2016  200.000  10.080    714   1042.436    496.032    10035
    1049  200.000   5.245    669    971.157    953.289     5190
     828  200.000   4.140    683    985.744   1207.729     4113
     905  200.000   4.525    670    998.815   1104.972     4502
     902  200.000   4.510    679    999.461   1108.647     4494
    1191  200.000   5.955    682   1023.771    839.631     5945
    1464  200.000   7.320    676   1010.972    683.060     7306
    1015  200.000   5.075    686   1007.980    985.222     5062
    1023  200.000   5.115    685    987.737    977.517     5105
     981  200.000   4.905    740    936.828   1019.368     4886
    1347  200.000   6.735    695    970.885    742.390     6711
    1217  200.000   6.085    690   1015.007    821.693     6067
     985  200.000   4.925    672   1006.503   1015.228     4912
    1097  200.000   5.485    708   1011.553    911.577     5483
    1229  200.000   6.145    673   1005.964    813.670     6132
    1040  200.000   5.200    742    975.964    961.538     5183
    1319  200.000   6.595    717    990.382    758.150     6590
     961  200.000   4.805    697    948.398   1040.583     4790
    1153  200.000   5.765    700    995.798    867.303     5461
    1028  200.000   5.140    687    989.074    972.763     5110
    1051  200.000   5.255    673   1021.814    951.475     5234
    1449  200.000   7.245    694    990.960    690.131     7236
    1268  200.000   6.340    719    981.073    788.644     6325
    1416  200.000   7.080    716    967.822    706.215     7052
    1338  200.000   6.690    698   1018.047    747.384     6680
    1368  200.000   6.840    678   1027.258    730.994     6829
    1072  200.000   5.360    706    934.296    932.836     5339
    1078  200.000   5.390    659   1056.256    927.644     5375
    1092  200.000   5.460    685    997.484    915.751     5456
    1111  200.000   5.555    670   1016.362    900.090     5526
     894  200.000   4.470    712    988.080   1118.568     4462
     933  200.000   4.665    689    997.129   1071.811     4654
    1057  200.000   5.285    698   1019.719    946.074     5273
    1144  200.000   5.720    673   1014.587    874.126     5705
     994  200.000   4.970    671    988.686   1006.036     4951
     981  200.000   4.905    722    973.972   1019.368     4885
    1086  200.000   5.430    699    982.661    920.810     5413
    1093  200.000   5.465    708   1021.773    914.913     5440
    1166  200.000   5.830    690   1024.045    857.633     5811
    1001  200.000   5.005    691    970.383    999.001     4986
     941  200.000   4.705    712    951.540   1062.699     4700
    1196  200.000   5.980    696   1001.278    836.120     5977
    1336  200.000   6.680    705   1013.886    748.503     6666
     990  200.000   4.950    718    971.967   1010.101     4939
    1141  200.000   5.705    672   1029.934    876.424     5676
     857  200.000   4.285    717    954.519   1166.861     4228
    1040  200.000   5.200    691   1026.131    961.538     5175
     854  200.000   4.270    687    980.960   1170.960     4243
    1570  200.000   7.850    700   1026.941    636.943     7825
    1084  200.000   5.420    656   1028.693    922.509     5399
    1011  200.000   5.055    665    987.158    989.120     5001
    1430  200.000   7.150    656   1113.454    699.301     7134
    1019  200.000   5.095    703   1005.701    981.354     5082
    1232  200.000   6.160    691   1009.373    811.688     6139
    1063  200.000   5.315    703    958.261    940.734     5283
    1219  200.000   6.095    675   1023.165    820.345     6087
    1251  200.000   6.255    706   1013.822    799.361     6241
    1504  200.000   7.520    695    996.971    664.894     7492
    1178  200.000   5.890    679   1048.658    848.896     5834
    1137  200.000   5.685    668   1048.082    879.507     5671
    1225  200.000   6.125    674   1059.006    816.327     6083
    1876  200.000   9.380    699   1009.969    533.049     9374
    1434  200.000   7.170    698   1017.817    697.350     7142
    1337  200.000   6.685    692   1044.091    747.943     6659
    1040  200.000   5.200    691    977.544    961.538     5182
    1311  200.000   6.555    678   1005.437    762.777     6524
    1600  200.000   8.000    691   1070.780    625.000     7984
    1004  200.000   5.020    703   1014.804    996.016     5003
     947  200.000   4.735    704    986.057   1055.966     4711
    1145  200.000   5.725    685   1003.439    873.362     5702
    1291  200.000   6.455    702    974.171    774.593     6431
     958  200.000   4.790    629   1065.727   1043.841     4762
    1210  200.000   6.050    691    968.869    826.446     6011
     862  200.000   4.310    671    983.745   1160.093     4289
    1065  200.000   5.325    646   1012.538    938.967     5305
    1396  200.000   6.980    676   1032.457    716.332     6949
    1448  200.000   7.240    695   1030.939    690.608     7218
    1122  200.000   5.610    712    982.342    891.266     5599
    1054  200.000   5.270    683   1008.666    948.767     5245
    1367  200.000   6.835    714    985.094    731.529     6828
    1039  200.000   5.195    678   1049.034    962.464     5172
invite          equal           perStrength      1000  1000000 0.000000    5    5  0.00   10  13645
    1045  200.000   5.225    691   1000.751    956.938     5201
     998  200.000   4.990    699    987.028   1002.004     4982
    1047  200.000   5.235    699   1029.569    955.110     5210
     962  200.000   4.810    652   1025.854   1039.501     4789
    1127  200.000   5.635    664   1010.481    887.311     5559
    1081  200.000   5.405    666   1032.167    925.069     5389
    1102  200.000   5.510    712    983.676    907.441     5486
    1021  200.000   5.105    718    959.956    979.432     5092
     932  200.000   4.660    666    979.239   1072.961     4634
    1131  200.000   5.655    690    977.897    884.173     5644
     984  200.000   4.920    687    959.914   1016.260     4904
     995  200.000   4.975    666   1021.931   1005.025     4970
    1682  200.000   8.410    684   1079.038    594.530     8393
     904  200.000   4.520    687    985.565   1106.195     4518
    1050  200.000   5.250    672   1007.574    952.381     5180
    1145  200.000   5.725    697   1013.899    873.362     5709
    1133  200.000   5.665    692    998.858    882.613     5657
    1045  200.000   5.225    725    990.503    956.938     5211
    1068  200.000   5.340    707   1005.682    936.330     5320
     752  200.000   3.760    656    970.880   1329.787     3747
     967  200.000   4.835    679   1021.115   1034.126     4831
    1064  200.000   5.320    690    988.621    939.850     5284
    1387  200.000   6.935    699    986.251    720.981     6927
    1043  200.000   5.215    704    976.057    958.773     5196
     915  200.000   4.575    684   1004.565   1092.896     4552
    1251  200.000   6.255    701   1008.216    799.361     6234
     932  200.000   4.660    710    974.906   1072.961     4634
    1096  200.000   5.480    660   1014.882    912.409     5466
    1364  200.000   6.820    695    981.286    733.138     6804
    1153  200.000   5.765    651   1076.357    867.303     5763
    1304  200.000   6.520    669   1037.731    766.871     6497
    1455  200.000   7.275    707    989.612    687.285     7232
    1454  200.000   7.270    646   1060.324    687.758     7251
    1043  200.000   5.215    681    995.642    958.773     5212
    1294  200.000   6.470    681   1015.069    772.798     6461
    1099  200.000   5.495    689   1021.959    909.918     5413
    1082  200.000   5.410    665   1012.501    924.214     5366
    1324  200.000   6.620    689   1048.762    755.287     6613
    1279  200.000   6.395    684   1041.137    781.861     6390
     943  200.000   4.715    695    972.126   1060.445     4706
    1101  200.000   5.505    709    996.011    908.265     5481
    1341  200.000   6.705    687   1003.876    745.712     6681
    1030  200.000   5.150    675   1012.346    970.874     5097
    1764  200.000   8.820    676   1046.826    566.893     8810
    1063  200.000   5.315    745    937.775    940.734     5303
    1075  200.000   5.375    668   1029.660    930.233     5360
     974  200.000   4.870    669    992.067   1026.694     4859
    1047  200.000   5.235    716    965.725    955.110     5208
     783  200.000   3.915    731    974.677   1277.139     3911
     862  200.000   4.310    711    981.900   1160.093     4295
     972  200.000   4.860    673    996.435   1028.807     4819
    1155  200.000   5.775    715    966.593    865.801     5758
    1118  200.000   5.590    707    989.382    894.454     5580
     871  200.000   4.355    631   1024.985   1148.106     4331
    1149  200.000   5.745    715    949.497    870.322     5705
    1036  200.000   5.180    661   1034.792    965.251     5159
    1407  200.000   7.035    726    969.664    710.732     7035
     922  200.000   4.610    642   1023.334   1084.599     4597
    1206  200.000   6.030    703   1049.528    829.187     6018
     954  200.000   4.770    653   1036.471   1048.218     4748
    1239  200.000   6.195    698    995.181    807.103     6192
    1052  200.000   5.260    673   1012.636    950.570     5234
     921  200.000   4.605    668   1013.914   1085.776     4587
     993  200.000   4.965    683   1013.880   1007.049     4944
    1672  200.000   8.360    696   1001.521    598.086     8356
    1193  200.000   5.965    672   1018.181    838.223     5957
    1094  200.000   5.470    664   1053.657    914.077     5465
     873  200.000   4.365    726    973.444   1145.475     4305
    2288  200.000  11.440    680   1029.218    437.063    11416
    1253  200.000   6.265    690   1019.785    798.085     6252
    1575  200.000   7.875    705   1009.119    634.921     7870
    1495  200.000   7.475    664   1053.119    668.896     7467
    1516  200.000   7.580    730    974.941    659.631     7567
     915  200.000   4.575    706    994.148   1092.896     4557
    1103  200.000   5.515    667   1013.856    906.618     5502
    1000  200.000   5.000    698   1002.675   1000.000     4998
     863  200.000   4.315    715    991.092   1158.749     4299
     904  200.000   4.520    738    944.592   1106.195     4495
    1197  200.000   5.985    726    998.857    835.422     5939
    1104  200.000   5.520    711    952.889    905.797     5485
    1178  200.000   5.890    707    982.916    848.896     5856
    1115  200.000   5.575    719    999.391    896.861     5567
     983  200.000   4.915    720    970.654   1017.294     4903
     948  200.000   4.740    692    977.077   1054.852     4736
    1238  200.000   6.190    668   1013.838    807.754     6169
     853  200.000   4.265    667   1005.990   1172.333     4258
    1159  200.000   5.795    725    995.608    862.813     5777
    1300  200.000   6.500    646   1018.776    769.231     6484
     885  200.000   4.425    711    972.868   1129.944     4388
     840  200.000   4.200    684    999.365   1190.476     4188
     952  200.000   4.760    689   1001.742   1050.420     4740
     990  200.000   4.950    705   1034.317   1010.101     4929
    1850  200.000   9.250    686   1051.864    540.541     9243
    1005  200.000   5.025    689   1025.355    995.025     5001
    1146  200.000   5.730    678   1022.690    872.600     5706
     983  200.000   4.915    724    971.227   1017.294     4895
    1552  200.000   7.760    672   1034.114    644.330     7737
    1006  200.000   5.030    689   1004.268    994.036     5004
     892  200.000   4.460    651   1042.509   1121.076     4424
    1191  200.000   5.955    679    991.797    839.631     5947
invite          equal           perStrength      1000  1000000 0.000000    5    5  0.10    5  13745
    1800  200.000   9.000    705    977.747    555.556     8997
    1039  200.000   5.195    745    951.020    962.464     5191
     934  200.000   4.670    723    949.564   1070.664     4668
    1061  200.000   5.305    693    986.728    942.507     5304
    1146  200.000   5.730    678   1003.325    872.600     5726
    1176  200.000   5.880    660   1023.950    850.340     5878
    1244  200.000   6.220    667   1034.718    803.859     6219
    1043  200.000   5.215    701    972.233    958.773     5213
    1054  200.000   5.270    722    968.979    948.767     5268
    1167  200.000   5.835    669   1014.007    856.898     5831
     958  200.000   4.790    705    968.444   1043.841     4788
     902  200.000   4.510    673   1006.429   1108.647     4509
    1595  200.000   7.975    655   1054.797    626.959     7971
    1176  200.000   5.880    671   1016.876    850.340     5877
     985  200.000   4.925    732    951.072   1015.228     4923
     870  200.000   4.350    639    994.953   1149.425     4350
     914  200.000   4.570    706    973.737   1094.092     4568
     941  200.000   4.705    724    959.730   1062.699     4701
     883  200.000   4.415    720    939.651   1132.503     4415
    1118  200.000   5.590    705    986.010    894.454     5590
     976  200.000   4.880    728    992.667   1024.590     4876
    1225  200.000   6.125    670   1003.355    816.327     6122
     858  200.000   4.290    716    980.304   1165.501     4288
    1413  200.000   7.065    675   1010.128    707.714     7064
    1707  200.000   8.535    708   1014.349    585.823     8534
    1230  200.000   6.150    686    984.722    813.008     6150
    1148  200.000   5.740    652   1037.653    871.080     5736
    1244  200.000   6.220    695   1024.021    803.859     6216
    1158  200.000   5.790    676   1008.042    863.558     5786
     958  200.000   4.790    713    961.391   1043.841     4789
    1125  200.000   5.625    678   1016.200    888.889     5622
    1298  200.000   6.490    721    980.416    770.416     6487
     976  200.000   4.880    693    970.352   1024.590     4878
    1123  200.000   5.615    713    971.624    890.472     5613
    1160  200.000   5.800    642   1068.416    862.069     5798
    1351  200.000   6.755    717    955.426    740.192     6755
    1573  200.000   7.865    650   1030.808    635.728     7863
     955  200.000   4.775    699    964.737   1047.120     4772
    1070  200.000   5.350    721   1006.394    934.579     5346
     981  200.000   4.905    672    982.633   1019.368     4901
     863  200.000   4.315    677    982.362   1158.749     4313
    1138  200.000   5.690    687   1017.077    878.735     5688
    1038  200.000   5.190    715    976.351    963.391     5186
    1183  200.000   5.915    723    970.765    845.309     5915
    1080  200.000   5.400    678   1009.580    925.926     5399
    1054  200.000   5.270    646   1051.349    948.767     5266
     866  200.000   4.330    707    966.364   1154.734     4327
    1268  200.000   6.340    678   1014.863    788.644     6340
    1166  200.000   5.830    710    990.247    857.633     5827
    1417  200.000   7.085    683   1003.430    705.716     7081
     996  200.000   4.980    677    994.371   1004.016     4977
    1619  200.000   8.095    678   1037.451    617.665     8095
    1070  200.000   5.350    668   1022.255    934.579     5349
    1073  200.000   5.365    666   1036.177    931.966     5364
     994  200.000   4.970    744    931.842   1006.036     4967
     972  200.000   4.860    670   1015.365   1028.807     4860
     777  200.000   3.885    712    920.109   1287.001     3882
     913  200.000   4.565    689    996.606   1095.290     4561
    1014  200.000   5.070    683   1002.604    986.193     5066
    1306  200.000   6.530    687   1025.680    765.697     6528
    1047  200.000   5.235    701    976.432    955.110     5233
     874  200.000   4.370    662    981.909   1144.165     4369
    1061  200.000   5.305    686    977.731    942.507     5303
    1128  200.000   5.640    679   1030.922    886.525     5640
    1135  200.000   5.675    678   1016.270    881.057     5671
     935  200.000   4.675    706    978.872   1069.519     4672
     928  200.000   4.640    665    991.394   1077.586     4638
     955  200.000   4.775    686    999.407   1047.120     4774
    1120  200.000   5.600    701    993.865    892.857     5596
    1551  200.000   7.755    757    955.895    644.745     7753
    1063  200.000   5.315    677   1003.243    940.734     5315
    1211  200.000   6.055    689   1011.550    825.764     6055
     980  200.000   4.900    702    989.729   1020.408     4898
    1355  200.000   6.775    689    981.281    738.007     6771
     795  200.000   3.975    680   1040.732   1257.862     3972
    1264  200.000   6.320    724   1005.536    791.139     6320
    1013  200.000   5.065    684    979.826    987.167     5061
     938  200.000   4.690    693   1023.938   1066.098     4688
     911  200.000   4.555    696    993.236   1097.695     4553
    1027  200.000   5.135    673   1005.267    973.710     5135
    1440  200.000   7.200    673   1049.554    694.444     7199
    1174  200.000   5.870    683   1002.084    851.789     5866
    1208  200.000   6.040    666    983.210    827.815     6039
    1637  200.000   8.185    701    980.572    610.874     8185
    1425  200.000   7.125    643   1055.756    701.754     7125
    1077  200.000   5.385    692    986.657    928.505     5385
    1112  200.000   5.560    735    967.657    899.281     5559
    1137  200.000   5.685    638   1082.721    879.507     5685
    1457  200.000   7.285    690   1026.707    686.342     7284
    1119  200.000   5.595    714    968.322    893.655     5594
    1118  200.000   5.590    701    986.580    894.454     5588
     843  200.000   4.215    734    978.419   1186.240     4211
    1307  200.000   6.535    710   1043.226    765.111     6532
     941  200.000   4.705    689    988.661   1062.699     4701
     931  200.000   4.655    695   1008.789   1074.114     4652
     941  200.000   4.705    677    989.792   1062.699     4702
    1141  200.000   5.705    646   1003.145    876.424     5704
    1309  200.000   6.545    689   1013.226    763.942     6544
    1067  200.000   5.335    699    959.006    937.207     5331
    1111  200.000   5.555    713    991.813    900.090     5553
invite          equal           perStrength      1000  1000000 0.000000    5    5  0.10   10  13845
    1274  200.000   6.370    714    999.185    784.929     6366
    1076  200.000   5.380    715    995.397    929.368     5377
     966  200.000   4.830    641   1056.620   1035.197     4829
    1175  200.000   5.875    658   1001.504    851.064     5874
    1336  200.000   6.680    695   1016.217    748.503     6676
    1074  200.000   5.370    730    964.689    931.099     5366
    1096  200.000   5.480    703    949.426    912.409     5479
     912  200.000   4.560    691   1026.870   1096.491     4559
     998  200.000   4.990    662   1034.910   1002.004     4987
    1003  200.000   5.015    655   1022.331    997.009     5011
    1323  200.000   6.615    695    956.744    755.858     6611
    1286  200.000   6.430    690   1028.414    777.605     6427
    1607  200.000   8.035    694   1013.215    622.278     8032
     894  200.000   4.470    695    986.847   1118.568     4470
    1031  200.000   5.155    655   1001.788    969.932     5152
    1393  200.000   6.965    658   1005.429    717.875     6961
    1090  200.000   5.450    698   1006.016    917.431     5450
    1135  200.000   5.675    746   1000.043    881.057     5675
    1256  200.000   6.280    709    989.068    796.178     6277
     889  200.000   4.445    671   1015.154   1124.859     4444
     933  200.000   4.665    703    973.304   1071.811     4663
    1153  200.000   5.765    671   1011.063    867.303     5763
    1173  200.000   5.865    726   1033.227    852.515     5863
    1156  200.000   5.780    690    962.009    865.052     5776
    1118  200.000   5.590    695    962.985    894.454     5588
    1194  200.000   5.970    678   1044.306    837.521     5970
    1570  200.000   7.850    699   1020.881    636.943     7850
    1684  200.000   8.420    667   1019.054    593.824     8416
    1126  200.000   5.630    685    989.191    888.099     5628
     972  200.000   4.860    703    974.619   1028.807     4859
    1409  200.000   7.045    682   1008.752    709.723     7045
    1203  200.000   6.015    689   1003.178    831.255     6014
    1365  200.000   6.825    702    970.701    732.601     6824
    1874  200.000   9.370    693   1024.454    533.618     9370
     929  200.000   4.645    718    956.052   1076.426     4642
    1060  200.000   5.300    699    971.715    943.396     5299
    1105  200.000   5.525    708    999.017    904.977     5524
     852  200.000   4.260    686    983.124   1173.709     4259
     979  200.000   4.895    680    966.565   1021.450     4895
    1992  200.000   9.960    706   1020.241    502.008     9956
    1146  200.000   5.730    732    985.221    872.600     5729
    1329  200.000   6.645    636   1037.730    752.445     6644
     995  200.000   4.975    682    984.340   1005.025     4975
    1754  200.000   8.770    684   1033.971    570.125     8770
    1003  200.000   5.015    716   1020.098    997.009     5011
    1026  200.000   5.130    673   1001.826    974.659     5128
    1459  200.000   7.295    687    990.587    685.401     7295
    1026  200.000   5.130    676   1032.260    974.659     5127
    1377  200.000   6.885    695   1012.795    726.216     6883
    1080  200.000   5.400    691    988.214    925.926     5399
    1077  200.000   5.385    732    963.431    928.505     5381
    1095  200.000   5.475    674    982.738    913.242     5472
     899  200.000   4.495    696    995.695   1112.347     4493
     933  200.000   4.665    690   1023.019   1071.811     4661
     906  200.000   4.530    701    983.073   1103.753     4528
    1190  200.000   5.950    703   1004.693    840.336     5946
    1321  200.000   6.605    686   1012.792    757.002     6602
    1023  200.000   5.115    745    961.884    977.517     5114
     998  200.000   4.990    655   1007.098   1002.004     4988
    1419  200.000   7.095    687   1006.783    704.722     7092
    1368  200.000   6.840    691   1013.939    730.994     6839
     830  200.000   4.150    732    976.386   1204.819     4148
    1012  200.000   5.060    673    985.271    988.142     5058
    1003  200.000   5.015    726    944.453    997.009     5014
     921  200.000   4.605    732    986.963   1085.776     4605
    1074  200.000   5.370    692   1005.808    931.099     5370
     891  200.000   4.455    683    983.616   1122.334     4454
    1329  200.000   6.645    683   1071.739    752.445     6641
     855  200.000   4.275    715    977.614   1169.591     4274
     891  200.000   4.455    675    994.249   1122.334     4451
    1023  200.000   5.115    695    976.989    977.517     5112
    1073  200.000   5.365    715   1018.164    931.966     5364
     893  200.000   4.465    657   1016.347   1119.821     4463
    1093  200.000   5.465    690   1018.226    914.913     5461
     960  200.000   4.800    699    964.787   1041.667     4798
    1146  200.000   5.730    682   1035.187    872.600     5729
    1198  200.000   5.990    696   1018.297    834.725     5989
    1020  200.000   5.100    681   1029.030    980.392     5099
    1333  200.000   6.665    646   1073.403    750.188     6663
    1149  200.000   5.745    657   1025.531    870.322     5743
    1032  200.000   5.160    661   1047.373    968.992     5157
    1291  200.000   6.455    706    932.887    774.593     6455
    1311  200.000   6.555    704    952.782    762.777     6554
    1427  200.000   7.135    677   1009.859    700.771     7135
    1597  200.000   7.985    644   1049.578    626.174     7984
    1009  200.000   5.045    691   1026.724    991.080     5044
    1053  200.000   5.265    694    987.369    949.668     5263
     927  200.000   4.635    684    964.471   1078.749     4632
    1292  200.000   6.460    742    960.676    773.994     6460
    1263  200.000   6.315    711   1031.419    791.766     6315
    1126  200.000   5.630    688    963.168    888.099     5628
    1079  200.000   5.395    708    970.961    926.784     5393
    1111  200.000   5.555    708    987.047    900.090     5551
    1363  200.000   6.815    669   1073.972    733.676     6814
    1320  200.000   6.600    665   1022.639    757.576     6599
    1194  200.000   5.970    710    985.805    837.521     5966
     972  200.000   4.860    680    997.172   1028.807     4857
     894  200.000   4.470    712   1007.629   1118.568     4470
    1073  200.000   5.365    709   1013.266    931.966     5362
     774  200.000   3.870    710    929.131   1291.990     3867
invite          equal           perStrength      1000  1000000 0.000000    5    5  0.25    5  13945
    1391  200.000   6.955    657   1004.329    718.907     6955
     990  200.000   4.950    667    996.047   1010.101     4949
    1139  200.000   5.695    687   1007.538    877.963     5694
    1416  200.000   7.080    713   1004.492    706.215     7078
    1108  200.000   5.540    692    991.798    902.527     5539
    1100  200.000   5.500    646   1009.673    909.091     5496
     891  200.000   4.455    705   1009.715   1122.334     4455
    1186  200.000   5.930    686   1023.352    843.170     5926
     988  200.000   4.940    716    930.777   1012.146     4936
     908  200.000   4.540    709   1004.747   1101.322     4538
    1219  200.000   6.095    651   1016.432    820.345     6091
     890  200.000   4.450    715    998.993   1123.596     4449
    1755  200.000   8.775    699   1009.917    569.801     8775
    1060  200.000   5.300    698   1009.669    943.396     5296
    1179  200.000   5.895    675   1012.898    848.176     5894
    1481  200.000   7.405    699    981.571    675.219     7405
     964  200.000   4.820    689    990.329   1037.344     4819
    1162  200.000   5.810    672   1007.919    860.585     5810
    1013  200.000   5.065    676   1018.628    987.167     5062
    1173  200.000   5.865    638   1066.464    852.515     5861
     982  200.000   4.910    702   1016.827   1018.330     4906
    1194  200.000   5.970    719    968.352    837.521     5970
    1838  200.000   9.190    686   1016.343    544.070     9186
     967  200.000   4.835    690    982.999   1034.126     4832
    1059  200.000   5.295    689    992.493    944.287     5292
    1203  200.000   6.015    701    974.190    831.255     6012
    1538  200.000   7.690    654   1030.361    650.195     7690
    1268  200.000   6.340    701    974.431    788.644     6336
    1261  200.000   6.305    663   1044.031    793.021     6304
    1141  200.000   5.705    743    930.361    876.424     5702
     952  200.000   4.760    639   1019.908   1050.420     4756
    1003  200.000   5.015    716    976.254    997.009     5013
    1413  200.000   7.065    640   1060.647    707.714     7063
    1167  200.000   5.835    708   1005.356    856.898     5832
    1275  200.000   6.375    682    994.494    784.314     6371
    1056  200.000   5.280    694    995.531    946.970     5277
     877  200.000   4.385    714    945.060   1140.251     4383
     917  200.000   4.585    706    984.714   1090.513     4582
    1170  200.000   5.850    701   1042.022    854.701     5846
    1431  200.000   7.155    686   1033.080    698.812     7154
    1606  200.000   8.030    670   1066.997    622.665     8026
    1682  200.000   8.410    654   1033.446    594.530     8406
    1667  200.000   8.335    684   1034.306    599.880     8331
    1210  200.000   6.050    701   1000.690    826.446     6047
     888  200.000   4.440    683    994.944   1126.126     4439
    1322  200.000   6.610    708   1000.860    756.430     6606
     968  200.000   4.840    671    990.123   1033.058     4837
    1146  200.000   5.730    687    980.180    872.600     5727
    1152  200.000   5.760    698   1016.669    868.056     5759
    1471  200.000   7.355    676   1036.298    679.810     7354
