neighbors       equal           one               100    10000 0.000000    5    5  0.00    5  12345
     394  100.000   3.940     74     94.129     25.381      393
     318  100.000   3.180     80     84.779     31.447      316
     389  100.000   3.890     70     95.437     25.707      388
     330  100.000   3.300     79     80.126     30.303      328
     527  100.000   5.270     60    111.313     18.975      527
     338  100.000   3.380     60    113.779     29.586      327
     467  100.000   4.670     73     90.933     21.413      467
     378  100.000   3.780     66     98.347     26.455      369
     460  100.000   4.600     72    107.531     21.739      452
     445  100.000   4.450     60    103.252     22.472      445
     410  100.000   4.100     71    100.305     24.390      408
     312  100.000   3.120     72     90.777     32.051      312
     489  100.000   4.890     69    103.534     20.450      472
     370  100.000   3.700     80     83.688     27.027      362
     356  100.000   3.560     76     89.310     28.090      356
     500  100.000   5.000     66    105.264     20.000      499
     335  100.000   3.350     73     90.549     29.851      334
     423  100.000   4.230     74    105.810     23.641      413
     310  100.000   3.100     68     93.230     32.258      306
     470  100.000   4.700     66     97.300     21.277      470
     438  100.000   4.380     64    106.510     22.831      438
     363  100.000   3.630     66    101.329     27.548      359
     372  100.000   3.720     64    108.711     26.882      370
     532  100.000   5.320     87     91.890     18.797      532
     409  100.000   4.090     78     92.879     24.450      409
     457  100.000   4.570     69     95.549     21.882      456
     307  100.000   3.070     72     86.295     32.573      304
     481  100.000   4.810     66     96.460     20.790      479
     600  100.000   6.000     66    111.611     16.667      597
     631  100.000   6.310     61    104.737     15.848      631
     461  100.000   4.610     74     89.444     21.692      457
     536  100.000   5.360     62    101.018     18.657      536
     321  100.000   3.210     67     97.518     31.153      320
     504  100.000   5.040     73     93.462     19.841      500
     358  100.000   3.580     65    102.571     27.933      356
     550  100.000   5.500     66    101.153     18.182      547
     408  100.000   4.080     61    105.522     24.510      408
     354  100.000   3.540     69     89.647     28.249      354
     467  100.000   4.670     71     94.533     21.413      452
     461  100.000   4.610     67     94.258     21.692      461
     323  100.000   3.230     73    103.215     30.960      320
     577  100.000   5.770     60    118.916     17.331      577
     659  100.000   6.590     72    104.691     15.175      659
     327  100.000   3.270     68     88.985     30.581      324
     327  100.000   3.270     67     92.451     30.581      327
     354  100.000   3.540     76     87.822     28.249      354
     286  100.000   2.860     67     90.944     34.965      280
     489  100.000   4.890     55     98.152     20.450      487
     458  100.000   4.580     75     95.382     21.834      456
     713  100.000   7.130     56    118.683     14.025      710
     412  100.000   4.120     72     98.674     24.272      412
     591  100.000   5.910     56    112.537     16.920      591
     298  100.000   2.980     71     97.143     33.557      298
     401  100.000   4.010     75     86.659     24.938      401
     387  100.000   3.870     63     97.060     25.840      387
     357  100.000   3.570     72     81.870     28.011      357
     260  100.000   2.600     75     89.256     38.462      254
     398  100.000   3.980     74     93.789     25.126      390
     442  100.000   4.420     70     96.993     22.624      442
     485  100.000   4.850     63    106.636     20.619      484
     506  100.000   5.060     65    107.372     19.763      506
     418  100.000   4.180     58    104.384     23.923      418
     524  100.000   5.240     55    126.113     19.084      504
     367  100.000   3.670     74    100.397     27.248      364
     506  100.000   5.060     66    109.977     19.763      503
     391  100.000   3.910     56    102.128     25.575      391
     267  100.000   2.670     74     84.785     37.453      267
     337  100.000   3.370     79     94.584     29.674      335
     252  100.000   2.520     74     82.404     39.683      246
     391  100.000   3.910     57    102.916     25.575      391
     417  100.000   4.170     72     95.884     23.981      417
     357  100.000   3.570     72     92.978     28.011      355
     404  100.000   4.040     60    116.373     24.752      400
     390  100.000   3.900     59    103.492     25.641      386
     512  100.000   5.120     62    104.625     19.531      508
     439  100.000   4.390     67    101.968     22.779      427
     372  100.000   3.720     64     98.586     26.882      371
     378  100.000   3.780     71     96.361     26.455      377
     297  100.000   2.970     77     76.736     33.670      294
     528  100.000   5.280     56    105.902     18.939      528
     345  100.000   3.450     64     97.932     28.986      345
     314  100.000   3.140     68     89.754     31.847      314
     498  100.000   4.980     60    105.399     20.080      497
     341  100.000   3.410     80     81.146     29.326      341
     499  100.000   4.990     56    106.087     20.040      495
     478  100.000   4.780     56    118.448     20.921      468
     370  100.000   3.700     64    102.262     27.027      366
     383  100.000   3.830     74     91.565     26.110      379
     406  100.000   4.060     73     92.706     24.631      405
     402  100.000   4.020     61    106.026     24.876      399
     326  100.000   3.260     66     94.744     30.675      326
     470  100.000   4.700     66     93.152     21.277      467
     618  100.000   6.180     62    109.094     16.181      618
     364  100.000   3.640     62     99.947     27.473      364
     447  100.000   4.470     85     87.065     22.371      447
     343  100.000   3.430     78     91.244     29.155      343
     453  100.000   4.530     68    100.570     22.075      452
     409  100.000   4.090     62    110.989     24.450      405
     278  100.000   2.780     75     87.366     35.971      275
     347  100.000   3.470     67     98.581     28.818      344
neighbors       equal           one               100    10000 0.000000    5    5  0.00   10  12445
     352  100.000   3.520     71     94.941     28.409      350
     351  100.000   3.510     84     81.362     28.490      351
     522  100.000   5.220     59    105.633     19.157      522
     304  100.000   3.040     66     90.737     32.895      304
     466  100.000   4.660     71     92.666     21.459      466
     334  100.000   3.340     71     88.476     29.940      333
     482  100.000   4.820     58    109.738     20.747      478
     422  100.000   4.220     79     94.699     23.697      422
     442  100.000   4.420     67     98.703     22.624      442
     487  100.000   4.870     64    103.044     20.534      486
     327  100.000   3.270     59     95.266     30.581      324
     373  100.000   3.730     77     93.495     26.810      363
     453  100.000   4.530     72     96.889     22.075      453
     431  100.000   4.310     65    102.021     23.202      431
     549  100.000   5.490     73    106.933     18.215      545
     405  100.000   4.050     78     86.651     24.691      405
     365  100.000   3.650     71     96.430     27.397      365
     347  100.000   3.470     70     87.259     28.818      344
     331  100.000   3.310     81     82.710     30.211      331
     552  100.000   5.520     60    108.783     18.116      548
     362  100.000   3.620     63    101.217     27.624      345
     253  100.000   2.530     77     91.261     39.526      253
     444  100.000   4.440     63     97.891     22.523      443
     320  100.000   3.200     76     90.429     31.250      320
     416  100.000   4.160     73     89.505     24.038      414
     404  100.000   4.040     70     89.848     24.752      403
     376  100.000   3.760     74     90.422     26.596      373
     408  100.000   4.080     70    111.311     24.510      391
     403  100.000   4.030     77     86.608     24.814      403
     364  100.000   3.640     72     93.806     27.473      360
     762  100.000   7.620     67    107.673     13.123      762
     335  100.000   3.350     69     95.246     29.851      335
     370  100.000   3.700     74     99.107     27.027      369
     361  100.000   3.610     85     82.614     27.701      358
     451  100.000   4.510     57     99.758     22.173      451
     323  100.000   3.230     69     94.956     30.960      323
     424  100.000   4.240     63    107.026     23.585      424
     541  100.000   5.410     65    110.415     18.484      539
     691  100.000   6.910     71    102.819     14.472      689
     357  100.000   3.570     57    107.380     28.011      356
     408  100.000   4.080     52    105.750     24.510      401
     494  100.000   4.940     68    102.993     20.243      494
     818  100.000   8.180     68    149.278     12.225      805
     305  100.000   3.050     73     89.559     32.787      301
     392  100.000   3.920     71    105.715     25.510      392
     423  100.000   4.230     81     94.473     23.641      423
     271  100.000   2.710     86     86.363     36.900      266
     474  100.000   4.740     58    106.263     21.097      470
     354  100.000   3.540     68     95.573     28.249      343
     344  100.000   3.440     76     85.689     29.070      341
     630  100.000   6.300     67    112.304     15.873      630
     313  100.000   3.130     75     89.649     31.949      312
     342  100.000   3.420     72     90.898     29.240      340
     312  100.000   3.120     69     86.499     32.051      310
     305  100.000   3.050     65     93.876     32.787      303
     410  100.000   4.100     74     92.525     24.390      406
     694  100.000   6.940     76    103.070     14.409      694
     297  100.000   2.970     84     84.305     33.670      293
     357  100.000   3.570     71     95.420     28.011      350
     475  100.000   4.750     69    103.935     21.053      473
     440  100.000   4.400     73     99.923     22.727      440
     403  100.000   4.030     53    117.943     24.814      399
     334  100.000   3.340     73     95.064     29.940      334
     306  100.000   3.060     71     91.146     32.680      306
     492  100.000   4.920     70     92.594     20.325      492
     316  100.000   3.160     73     91.856     31.646      316
     642  100.000   6.420     67    114.539     15.576      641
     505  100.000   5.050     68    100.394     19.802      504
     351  100.000   3.510     61     97.358     28.490      349
     463  100.000   4.630     71    108.420     21.598      460
     365  100.000   3.650     60     97.704     27.397      362
     466  100.000   4.660     48    109.625     21.459      464
     385  100.000   3.850     64     96.241     25.974      385
     428  100.000   4.280     67    103.063     23.364      428
     473  100.000   4.730     73     96.442     21.142      471
     295  100.000   2.950     69     97.453     33.898      291
     387  100.000   3.870     72     90.584     25.840      387
     339  100.000   3.390     62     96.176     29.499      339
     341  100.000   3.410     79     83.387     29.326      337
     510  100.000   5.100     79    104.664     19.608      506
     498  100.000   4.980     68    100.931     20.080      498
     342  100.000   3.420     78     95.345     29.240      334
     431  100.000   4.310     71    105.014     23.202      431
     309  100.000   3.090     61    100.738     32.362      305
     408  100.000   4.080     54    106.147     24.510      407
     503  100.000   5.030     62    114.688     19.881      503
     365  100.000   3.650     61    104.781     27.397      365
     595  100.000   5.950     67    112.158     16.807      595
     422  100.000   4.220     81     89.251     23.697      419
     647  100.000   6.470     59    139.325     15.456      647
     388  100.000   3.880     66     91.852     25.773      388
     336  100.000   3.360     90     82.932     29.762      332
     435  100.000   4.350     63    102.824     22.989      435
     395  100.000   3.950     72     94.733     25.316      393
     411  100.000   4.110     83     85.794     24.331      411
     538  100.000   5.380     64    102.796     18.587      538
     437  100.000   4.370     77     94.209     22.883      435
     353  100.000   3.530     65    101.699     28.329      349
     305  100.000   3.050     71     85.448     32.787      305
     441  100.000   4.410     64    102.527     22.676      439
neighbors       equal           one               100    10000 0.000000    5    5  0.10    5  12545
     449  100.000   4.490     65     97.124     22.272      449
     438  100.000   4.380     60    114.830     22.831      416
     395  100.000   3.950     67     86.952     25.316      395
     309  100.000   3.090     83     91.085     32.362      309
     275  100.000   2.750     71     87.870     36.364      275
     319  100.000   3.190     76     94.612     31.348      319
     284  100.000   2.840     80     88.020     35.211      284
     353  100.000   3.530     72     89.681     28.329      344
     375  100.000   3.750     68     92.970     26.667      375
     467  100.000   4.670     50    114.984     21.413      467
     402  100.000   4.020     73     96.331     24.876      402
     329  100.000   3.290     69     91.148     30.395      329
     396  100.000   3.960     71    107.532     25.253      396
     308  100.000   3.080     71     90.706     32.468      308
     452  100.000   4.520     72     97.407     22.124      445
     346  100.000   3.460     62     99.524     28.902      346
     334  100.000   3.340     73     90.430     29.940      334
     372  100.000   3.720     82     86.243     26.882      372
     636  100.000   6.360     76     99.446     15.723      636
     464  100.000   4.640     68    102.694     21.552      456
     529  100.000   5.290     67     99.204     18.904      529
     639  100.000   6.390     64    109.548     15.649      631
     389  100.000   3.890     65    102.672     25.707      389
     415  100.000   4.150     60    115.140     24.096      415
     446  100.000   4.460     74     94.812     22.422      446
     536  100.000   5.360     75    100.766     18.657      530
     370  100.000   3.700     63    102.118     27.027      363
     410  100.000   4.100     62     99.153     24.390      388
     475  100.000   4.750     63    111.279     21.053      475
     296  100.000   2.960     71     78.261     33.784      296
     487  100.000   4.870     65    100.193     20.534      487
     390  100.000   3.900     59    103.411     25.641      383
     345  100.000   3.450     67    103.407     28.986      345
     322  100.000   3.220     84     87.781     31.056      322
     302  100.000   3.020     68     89.683     33.113      302
     289  100.000   2.890     72     93.614     34.602      280
     553  100.000   5.530     60    118.143     18.083      545
     346  100.000   3.460     64    106.968     28.902      343
     348  100.000   3.480     56    102.234     28.736      348
     472  100.000   4.720     70     96.733     21.186      472
     386  100.000   3.860     67     98.575     25.907      386
     294  100.000   2.940     70     92.151     34.014      294
     411  100.000   4.110     71     89.847     24.331      411
     630  100.000   6.300     61    107.459     15.873      630
     349  100.000   3.490     73     89.524     28.653      349
     316  100.000   3.160     64    110.827     31.646      299
     381  100.000   3.810     68    104.949     26.247      381
     338  100.000   3.380     65     96.416     29.586      338
     510  100.000   5.100     58    104.788     19.608      510
     409  100.000   4.090     67    112.740     24.450      403
     398  100.000   3.980     77     99.547     25.126      398
     469  100.000   4.690     63    105.088     21.322      469
     537  100.000   5.370     68    105.732     18.622      537
     344  100.000   3.440     76     96.309     29.070      344
     365  100.000   3.650     57    104.916     27.397      365
     324  100.000   3.240     71    100.502     30.864      322
     384  100.000   3.840     71     94.284     26.042      384
     320  100.000   3.200     61    101.618     31.250      320
     777  100.000   7.770     57    128.611     12.870      777
     319  100.000   3.190     79     84.644     31.348      310
     479  100.000   4.790     55    115.492     20.877      479
     423  100.000   4.230     76     93.291     23.641      423
     366  100.000   3.660     72     85.370     27.322      356
     383  100.000   3.830     71     94.994     26.110      383
     512  100.000   5.120     56    104.032     19.531      512
     272  100.000   2.720     82     85.180     36.765      272
     297  100.000   2.970     83     73.923     33.670      297
     422  100.000   4.220     57    101.669     23.697      422
     374  100.000   3.740     66     97.808     26.738      374
     307  100.000   3.070     77     91.886     32.573      307
     310  100.000   3.100     73     92.561     32.258      310
     351  100.000   3.510     64    101.001     28.490      351
     346  100.000   3.460     69     99.331     28.902      346
     411  100.000   4.110     59    105.911     24.331      411
     506  100.000   5.060     72     88.647     19.763      506
     276  100.000   2.760     77     86.641     36.232      276
     348  100.000   3.480     63     98.346     28.736      348
     338  100.000   3.380     67     97.107     29.586      338
     404  100.000   4.040     74     93.273     24.752      404
     481  100.000   4.810     81     95.273     20.790      481
     278  100.000   2.780     66     98.678     35.971      278
     323  100.000   3.230     73     93.822     30.960      318
     278  100.000   2.780     74     88.790     35.971      278
     532  100.000   5.320     71    111.105     18.797      526
     447  100.000   4.470     68    106.725     22.371      439
     450  100.000   4.500     72    106.700     22.222      450
     474  100.000   4.740     59    103.708     21.097      474
     388  100.000   3.880     72     92.090     25.773      380
     688  100.000   6.880     61    123.435     14.535      688
     255  100.000   2.550     72     84.099     39.216      255
