neighbors       equal           one              1000   100000 0.000000    5    5  0.00    5  12345
     543  100.000   5.430     70     97.351    184.162      541
     601  100.000   6.010     65    101.663    166.389      589
     647  100.000   6.470     69    101.384    154.560      647
     575  100.000   5.750     68    101.645    173.913      565
     599  100.000   5.990     68    101.332    166.945      597
     600  100.000   6.000     71     98.661    166.667      594
     876  100.000   8.760     68    104.457    114.155      875
     709  100.000   7.090     73     97.293    141.044      708
     592  100.000   5.920     67    101.565    168.919      592
     636  100.000   6.360     69     98.140    157.233      632
     523  100.000   5.230     67    101.821    191.205      523
     744  100.000   7.440     69    100.917    134.409      743
     407  100.000   4.070     74     96.056    245.700      392
     449  100.000   4.490     71     96.942    222.717      448
     664  100.000   6.640     71    100.077    150.602      663
     884  100.000   8.840     72    103.224    113.122      862
     591  100.000   5.910     68     96.154    169.205      589
     769  100.000   7.690     70     99.077    130.039      761
     747  100.000   7.470     69     97.712    133.869      744
     512  100.000   5.120     71     99.266    195.312      512
     548  100.000   5.480     73     96.397    182.482      548
     553  100.000   5.530     70    100.919    180.832      552
     558  100.000   5.580     72     97.408    179.211      554
     507  100.000   5.070     69    103.592    197.239      504
     705  100.000   7.050     67    103.002    141.844      704
     860  100.000   8.600     67    108.373    116.279      859
     489  100.000   4.890     68    100.648    204.499      486
     578  100.000   5.780     67    101.711    173.010      578
     508  100.000   5.080     71     98.321    196.850      507
     645  100.000   6.450     69     99.454    155.039      632
     411  100.000   4.110     70     99.475    243.309      411
     530  100.000   5.300     71     99.390    188.679      530
     567  100.000   5.670     71     96.155    176.367      567
     506  100.000   5.060     67    103.599    197.628      502
     490  100.000   4.900     68    100.345    204.082      490
     469  100.000   4.690     73     94.414    213.220      468
     616  100.000   6.160     69    102.643    162.338      615
     780  100.000   7.800     68    101.326    128.205      780
     577  100.000   5.770     68    100.663    173.310      575
     483  100.000   4.830     72     95.344    207.039      481
     463  100.000   4.630     67    100.419    215.983      461
     724  100.000   7.240     70    105.529    138.122      722
     478  100.000   4.780     70     97.506    209.205      475
     509  100.000   5.090     75     93.125    196.464      508
     694  100.000   6.940     69    100.127    144.092      693
     518  100.000   5.180     68    101.910    193.050      514
     624  100.000   6.240     69    100.932    160.256      623
     542  100.000   5.420     69     99.969    184.502      541
     526  100.000   5.260     70    103.834    190.114      517
     490  100.000   4.900     71    101.307    204.082      464
     529  100.000   5.290     69     98.258    189.036      529
     643  100.000   6.430     69    103.437    155.521      635
     466  100.000   4.660     69     94.768    214.592      462
     508  100.000   5.080     68    100.949    196.850      504
     500  100.000   5.000     72    101.005    200.000      491
     733  100.000   7.330     70    100.825    136.426      730
     981  100.000   9.810     66    104.516    101.937      981
     486  100.000   4.860     65    103.511    205.761      485
     650  100.000   6.500     69    104.761    153.846      646
     550  100.000   5.500     67    103.103    181.818      546
     812  100.000   8.120     67    103.659    123.153      812
     472  100.000   4.720     73    100.365    211.864      462
     479  100.000   4.790     68     99.088    208.768      477
     528  100.000   5.280     71    100.039    189.394      525
     481  100.000   4.810     71     99.680    207.900      471
     644  100.000   6.440     71     99.054    155.280      643
     600  100.000   6.000     71    103.982    166.667      598
     600  100.000   6.000     69    105.319    166.667      571
     587  100.000   5.870     69     94.663    170.358      587
     587  100.000   5.870     67    101.092    170.358      583
     923  100.000   9.230     71    100.686    108.342      920
     662  100.000   6.620     67    101.278    151.057      660
     617  100.000   6.170     70     97.195    162.075      617
     656  100.000   6.560     67     99.305    152.439      654
     681  100.000   6.810     63    103.561    146.843      669
     510  100.000   5.100     70    103.628    196.078      510
     541  100.000   5.410     70     98.643    184.843      538
     664  100.000   6.640     72     99.522    150.602      660
     798  100.000   7.980     72    103.629    125.313      794
     900  100.000   9.000     64    108.708    111.111      897
     446  100.000   4.460     72     97.178    224.215      442
     457  100.000   4.570     69     98.211    218.818      448
     442  100.000   4.420     68     95.851    226.244      438
     501  100.000   5.010     70     98.281    199.601      497
     441  100.000   4.410     71     95.382    226.757      441
     577  100.000   5.770     71    101.293    173.310      577
     530  100.000   5.300     69    103.998    188.679      528
     433  100.000   4.330     73     95.479    230.947      432
     484  100.000   4.840     70     95.290    206.612      484
     533  100.000   5.330     67    104.006    187.617      533
     472  100.000   4.720     69    104.887    211.864      472
     617  100.000   6.170     69     98.503    162.075      617
     610  100.000   6.100     70     98.298    163.934      610
     648  100.000   6.480     67    102.306    154.321      647
     523  100.000   5.230     69    101.065    191.205      523
     697  100.000   6.970     72     98.457    143.472      697
     556  100.000   5.560     68    102.718    179.856      549
     494  100.000   4.940     72     98.140    202.429      494
     498  100.000   4.980     68     99.853    200.803      497
     718  100.000   7.180     72    100.450    139.276      717
neighbors       equal           one              1000   100000 0.000000    5    5  0.00   10  12445
     567  100.000   5.670     67    103.484    176.367      567
     434  100.000   4.340     74     93.833    230.415      430
     587  100.000   5.870     66    103.443    170.358      587
     647  100.000   6.470     67    101.697    154.560      646
     664  100.000   6.640     67    101.636    150.602      662
     525  100.000   5.250     71     96.894    190.476      525
     580  100.000   5.800     68    101.484    172.414      578
     473  100.000   4.730     70     98.419    211.416      458
     679  100.000   6.790     69     95.459    147.275      676
     798  100.000   7.980     70    101.887    125.313      797
     436  100.000   4.360     71     99.351    229.358      435
     554  100.000   5.540     68    100.860    180.505      551
     569  100.000   5.690     70    103.494    175.747      565
     569  100.000   5.690     72     94.686    175.747      569
     849  100.000   8.490     72    100.735    117.786      847
     471  100.000   4.710     70     98.800    212.314      471
     672  100.000   6.720     68     96.990    148.810      669
     782  100.000   7.820     66    103.949    127.877      782
     537  100.000   5.370     69     97.376    186.220      537
     401  100.000   4.010     71     95.417    249.377      397
     591  100.000   5.910     72     98.177    169.205      589
     651  100.000   6.510     71     98.596    153.610      650
     570  100.000   5.700     71    100.346    175.439      562
     440  100.000   4.400     69     96.325    227.273      429
     714  100.000   7.140     67    100.249    140.056      712
     607  100.000   6.070     70    103.912    164.745      606
     856  100.000   8.560     70     99.490    116.822      855
     550  100.000   5.500     69     96.889    181.818      550
     456  100.000   4.560     71     93.441    219.298      452
     618  100.000   6.180     69    101.437    161.812      614
     515  100.000   5.150     67    101.584    194.175      514
     750  100.000   7.500     68    100.337    133.333      747
     547  100.000   5.470     70    100.635    182.815      546
     511  100.000   5.110     70    100.573    195.695      507
     613  100.000   6.130     65    103.564    163.132      613
     538  100.000   5.380     70    101.837    185.874      538
     575  100.000   5.750     71     97.645    173.913      575
     560  100.000   5.600     69    102.984    178.571      556
     542  100.000   5.420     70     98.587    184.502      538
     444  100.000   4.440     72     95.491    225.225      444
     471  100.000   4.710     68     99.677    212.314      467
     473  100.000   4.730     69     98.236    211.416      469
     533  100.000   5.330     70     99.009    187.617      532
     621  100.000   6.210     67    103.929    161.031      618
     556  100.000   5.560     65    105.177    179.856      553
     681  100.000   6.810     71     99.001    146.843      678
     499  100.000   4.990     70     98.611    200.401      499
     707  100.000   7.070     64    106.445    141.443      707
     536  100.000   5.360     70     97.231    186.567      536
     495  100.000   4.950     68    101.774    202.020      492
     461  100.000   4.610     68    102.391    216.920      457
     704  100.000   7.040     68     96.663    142.045      700
     556  100.000   5.560     73     98.511    179.856      553
     489  100.000   4.890     71    101.067    204.499      485
     724  100.000   7.240     67    100.110    138.122      722
     528  100.000   5.280     68    102.000    189.394      525
     500  100.000   5.000     69    103.915    200.000      457
     783  100.000   7.830     65    102.951    127.714      783
     654  100.000   6.540     68    104.481    152.905      651
     658  100.000   6.580     71    107.379    151.976      656
     557  100.000   5.570     67    101.263    179.533      556
     839  100.000   8.390     70    103.212    119.190      839
     517  100.000   5.170     70    101.065    193.424      510
     684  100.000   6.840     70     98.028    146.199      680
     513  100.000   5.130     70    103.067    194.932      504
     509  100.000   5.090     68     98.952    196.464      509
     550  100.000   5.500     71     98.681    181.818      550
     962  100.000   9.620     67    105.151    103.950      954
     674  100.000   6.740     66     98.566    148.368      674
     619  100.000   6.190     70    102.111    161.551      617
     586  100.000   5.860     70     96.885    170.648      582
     614  100.000   6.140     71     99.674    162.866      613
     651  100.000   6.510     66    100.908    153.610      640
     482  100.000   4.820     66    101.220    207.469      482
     738  100.000   7.380     68    103.398    135.501      736
     506  100.000   5.060     66     98.611    197.628      500
     857  100.000   8.570     67    107.482    116.686      854
     573  100.000   5.730     71     97.935    174.520      572
     553  100.000   5.530     67    101.320    180.832      545
     489  100.000   4.890     67    100.917    204.499      479
     622  100.000   6.220     66     99.230    160.772      622
     512  100.000   5.120     71     96.328    195.312      511
     619  100.000   6.190     71     98.863    161.551      618
     588  100.000   5.880     72    102.170    170.068      584
     512  100.000   5.120     70    100.591    195.312      505
     604  100.000   6.040     68    101.216    165.563      600
     608  100.000   6.080     71    102.563    164.474      607
     537  100.000   5.370     69    100.849    186.220      536
     540  100.000   5.400     67     97.740    185.185      540
     438  100.000   4.380     72     96.247    228.311      435
     475  100.000   4.750     67    100.162    210.526      471
     607  100.000   6.070     70     98.057    164.745      604
     431  100.000   4.310     70     95.077    232.019      427
     556  100.000   5.560     68     98.912    179.856      554
     564  100.000   5.640     73     97.036    177.305      562
     458  100.000   4.580     66    101.965    218.341      457
     629  100.000   6.290     71     98.182    158.983      623
     637  100.000   6.370     67    102.320    156.986      637
     515  100.000   5.150     67    108.130    194.175      504
     595  100.000   5.950     69    103.385    168.067      595
neighbors       equal           one              1000   100000 0.000000    5    5  0.10    5  12545
     540  100.000   5.400     71     98.606    185.185      540
     522  100.000   5.220     73     98.024    191.571      522
     522  100.000   5.220     68    103.889    191.571      522
     601  100.000   6.010     77     93.950    166.389      601
     651  100.000   6.510     71     96.725    153.610      651
     628  100.000   6.280     65    103.419    159.236      628
     519  100.000   5.190     73     97.528    192.678      498
     739  100.000   7.390     69     99.073    135.318      739
     532  100.000   5.320     67    103.672    187.970      532
     541  100.000   5.410     67    101.857    184.843      541
     563  100.000   5.630     68    102.225    177.620      563
     642  100.000   6.420     71    100.841    155.763      642
     539  100.000   5.390     70    100.574    185.529      539
     553  100.000   5.530     67    102.649    180.832      553
     528  100.000   5.280     67     98.234    189.394      519
     781  100.000   7.810     70     98.943    128.041      781
     549  100.000   5.490     72     99.247    182.149      549
     607  100.000   6.070     73     95.939    164.745      607
     701  100.000   7.010     66    103.175    142.653      701
     442  100.000   4.420     70     98.768    226.244      442
     641  100.000   6.410     68    101.224    156.006      641
     476  100.000   4.760     68     96.878    210.084      476
     515  100.000   5.150     66    103.273    194.175      515
     494  100.000   4.940     65    101.568    202.429      494
     632  100.000   6.320     68    100.240    158.228      632
     536  100.000   5.360     69     97.033    186.567      530
     543  100.000   5.430     68    104.513    184.162      538
     725  100.000   7.250     67    104.488    137.931      725
     835  100.000   8.350     65    103.379    119.760      835
     505  100.000   5.050     71     97.618    198.020      487
     674  100.000   6.740     67    106.717    148.368      674
     516  100.000   5.160     68    101.552    193.798      516
     696  100.000   6.960     67    104.990    143.678      696
     491  100.000   4.910     68    101.643    203.666      491
     564  100.000   5.640     65    101.662    177.305      558
     651  100.000   6.510     68    103.468    153.610      642
     721  100.000   7.210     71     97.607    138.696      721
     502  100.000   5.020     71     99.472    199.203      502
     568  100.000   5.680     68    101.673    176.056      568
     444  100.000   4.440     72     95.705    225.225      444
     531  100.000   5.310     70     99.765    188.324      517
     503  100.000   5.030     69    104.259    198.807      503
     700  100.000   7.000     71     99.585    142.857      700
     688  100.000   6.880     70    102.470    145.349      688
     402  100.000   4.020     70     97.465    248.756      385
     575  100.000   5.750     68     99.927    173.913      575
     488  100.000   4.880     69    100.883    204.918      480
     511  100.000   5.110     65    106.312    195.695      511
     527  100.000   5.270     70     98.132    189.753      527
     514  100.000   5.140     68    101.986    194.553      507
     547  100.000   5.470     70     99.299    182.815      547
     578  100.000   5.780     71     99.316    173.010      578
     537  100.000   5.370     69     99.016    186.220      537
     468  100.000   4.680     66    105.633    213.675      458
     657  100.000   6.570     69    103.385    152.207      657
     608  100.000   6.080     69    101.197    164.474      600
     716  100.000   7.160     67    104.421    139.665      716
