invite          equal           one              1000  1000000 0.000000    5    5  0.00    5  12345
    6037 1000.000   6.037    699    969.633    165.645     6035
    5786 1000.000   5.786    662   1012.266    172.831     5785
    5239 1000.000   5.239    709   1006.852    190.876     5239
    4179 1000.000   4.179    678   1012.938    239.292     4179
    7427 1000.000   7.427    676   1008.799    134.644     7426
    6161 1000.000   6.161    723    981.931    162.311     6159
    6249 1000.000   6.249    684   1038.407    160.026     6248
    7284 1000.000   7.284    732    963.948    137.287     7283
    5038 1000.000   5.038    663   1012.809    198.491     5034
    5920 1000.000   5.920    700    974.190    168.919     5601
    5000 1000.000   5.000    677   1012.511    200.000     4996
    5625 1000.000   5.625    680    999.803    177.778     5623
    4401 1000.000   4.401    727    958.482    227.221     4396
    5114 1000.000   5.114    710    964.508    195.542     5110
    7100 1000.000   7.100    721    994.733    140.845     7098
    7220 1000.000   7.220    721   1031.759    138.504     7220
    3483 1000.000   3.483    686    955.017    287.109     3483
    5467 1000.000   5.467    690    989.277    182.916     5313
    5676 1000.000   5.676    697    972.304    176.180     5676
    6233 1000.000   6.233    702    997.277    160.436     6232
    4574 1000.000   4.574    728    954.114    218.627     4574
    5278 1000.000   5.278    691   1006.517    189.466     5276
    4653 1000.000   4.653    719    966.276    214.915     4650
    5543 1000.000   5.543    697   1032.493    180.408     5542
    7131 1000.000   7.131    677   1031.075    140.233     7129
    5940 1000.000   5.940    684   1072.321    168.350     5938
    6869 1000.000   6.869    677   1002.966    145.582     6866
    5023 1000.000   5.023    661   1006.742    199.084     5023
    4083 1000.000   4.083    716    978.884    244.918     4082
    4614 1000.000   4.614    678    990.353    216.732     4614
    5236 1000.000   5.236    696    985.003    190.985     5234
    5479 1000.000   5.479    719    987.686    182.515     5443
    4679 1000.000   4.679    693    957.935    213.721     4675
    4399 1000.000   4.399    680   1035.294    227.324     4399
    5514 1000.000   5.514    673   1005.327    181.357     5510
    5609 1000.000   5.609    726    934.642    178.285     5606
    6555 1000.000   6.555    691   1017.905    152.555     6551
    5239 1000.000   5.239    663   1015.900    190.876     5087
    5984 1000.000   5.984    689   1001.105    167.112     5981
    5975 1000.000   5.975    715    949.972    167.364     5975
    4443 1000.000   4.443    665   1000.741    225.073     4439
    5925 1000.000   5.925    705   1052.746    168.776     5921
    4015 1000.000   4.015    683    969.608    249.066     4008
    5055 1000.000   5.055    743    923.209    197.824     5053
    6426 1000.000   6.426    713    991.680    155.618     6425
    5642 1000.000   5.642    691   1012.605    177.242     5640
    5417 1000.000   5.417    701   1001.656    184.604     5416
    5884 1000.000   5.884    693    997.337    169.952     5884
    8911 1000.000   8.911    709   1037.847    112.221     8909
    5238 1000.000   5.238    712   1008.021    190.913     5235
    5749 1000.000   5.749    683    979.890    173.943     5749
    7398 1000.000   7.398    685   1029.243    135.172     7392
    4734 1000.000   4.734    694    951.344    211.238     4734
    6525 1000.000   6.525    678   1009.077    153.257     6521
    5448 1000.000   5.448    706   1005.331    183.554     5446
    4845 1000.000   4.845    712   1002.809    206.398     4843
    5912 1000.000   5.912    673   1046.168    169.147     5904
    4755 1000.000   4.755    666   1027.777    210.305     4751
    8133 1000.000   8.133    681   1042.034    122.956     8129
    7807 1000.000   7.807    673   1024.913    128.090     7807
    5019 1000.000   5.019    670   1035.233    199.243     4892
    5343 1000.000   5.343    722    998.689    187.161     5339
    4678 1000.000   4.678    672    984.249    213.767     4675
    4614 1000.000   4.614    693    997.879    216.732     4614
    5640 1000.000   5.640    717    988.783    177.305     5640
    6930 1000.000   6.930    716    991.479    144.300     6928
    6566 1000.000   6.566    693   1032.195    152.300     6564
    8307 1000.000   8.307    679   1050.014    120.380     8304
    4045 1000.000   4.045    695    938.114    247.219     4045
    5540 1000.000   5.540    686   1002.689    180.505     5536
    7421 1000.000   7.421    733    990.644    134.753     7417
    6212 1000.000   6.212    675   1009.224    160.979     6212
    5167 1000.000   5.167    709    974.414    193.536     5163
    5040 1000.000   5.040    652    984.807    198.413     5036
    5319 1000.000   5.319    626   1035.066    188.005     5316
    5234 1000.000   5.234    682   1036.539    191.058     4721
    5170 1000.000   5.170    695    982.242    193.424     5169
    4885 1000.000   4.885    720    992.291    204.708     4882
    8141 1000.000   8.141    716   1033.199    122.835     8139
    7076 1000.000   7.076    669   1087.789    141.323     7074
    5794 1000.000   5.794    722    968.176    172.592     5794
    4568 1000.000   4.568    691    978.100    218.914     4564
    5550 1000.000   5.550    711    954.641    180.180     5549
    5311 1000.000   5.311    723    980.134    188.288     5309
    3802 1000.000   3.802    726    944.873    263.019     3799
    5929 1000.000   5.929    698   1007.267    168.663     5928
    5603 1000.000   5.603    682   1035.321    178.476     5602
    4756 1000.000   4.756    740    951.971    210.261     4753
    4711 1000.000   4.711    711    947.821    212.269     4710
    4875 1000.000   4.875    688   1036.859    205.128     4870
    5882 1000.000   5.882    674   1037.031    170.010     5878
    4544 1000.000   4.544    696    979.019    220.070     4543
    4781 1000.000   4.781    708    980.156    209.161     4781
    4760 1000.000   4.760    664   1013.897    210.084     4756
    5057 1000.000   5.057    677   1011.339    197.746     5053
    5398 1000.000   5.398    721    975.594    185.254     5395
    5110 1000.000   5.110    682   1020.088    195.695     5106
    5204 1000.000   5.204    716    980.252    192.160     5200
    4950 1000.000   4.950    692    997.414    202.020     4948
    6877 1000.000   6.877    720   1002.846    145.412     6873
invite          equal           one              1000  1000000 0.000000    5    5  0.00   10  12445
    6252 1000.000   6.252    679   1031.675    159.949     6251
    5759 1000.000   5.759    747    931.640    173.641     5756
    7067 1000.000   7.067    649   1028.228    141.503     7066
    5146 1000.000   5.146    689   1007.977    194.326     5146
    7856 1000.000   7.856    679   1007.716    127.291     7853
    5172 1000.000   5.172    711    958.422    193.349     5167
    5297 1000.000   5.297    674   1011.639    188.786     5294
    5152 1000.000   5.152    709    981.021    194.099     5151
    5053 1000.000   5.053    715    949.939    197.902     5053
    6201 1000.000   6.201    699   1012.379    161.264     6199
    4559 1000.000   4.559    676    991.944    219.346     4559
    6176 1000.000   6.176    661   1005.332    161.917     6174
    7112 1000.000   7.112    690   1025.400    140.607     6998
    5296 1000.000   5.296    734    939.423    188.822     5292
    8534 1000.000   8.534    727   1001.677    117.178     8532
    6632 1000.000   6.632    711    991.896    150.784     6632
    4957 1000.000   4.957    682    971.498    201.735     4956
    5938 1000.000   5.938    669   1040.232    168.407     5938
    5387 1000.000   5.387    704    971.140    185.632     5384
    4973 1000.000   4.973    707    951.171    201.086     4969
    5767 1000.000   5.767    722    975.780    173.400     5764
    5834 1000.000   5.834    731    979.220    171.409     5833
    4352 1000.000   4.352    708    995.541    229.779     4350
    5794 1000.000   5.794    704    952.376    172.592     5790
    7827 1000.000   7.827    668    996.675    127.763     7826
    7121 1000.000   7.121    689   1030.269    140.430     7119
    5133 1000.000   5.133    705    981.874    194.818     5129
    6214 1000.000   6.214    686    968.908    160.927     6210
    4863 1000.000   4.863    723    933.825    205.634     4861
    6504 1000.000   6.504    696   1012.230    153.752     6496
    5662 1000.000   5.662    662   1009.946    176.616     5661
    5253 1000.000   5.253    679    994.415    190.367     5251
    4826 1000.000   4.826    694   1006.926    207.211     4825
    5706 1000.000   5.706    675   1006.473    175.254     5702
    5105 1000.000   5.105    636   1033.980    195.886     5105
    4224 1000.000   4.224    686   1008.700    236.742     4220
    4817 1000.000   4.817    688    968.488    207.598     4816
    5291 1000.000   5.291    696   1019.109    189.000     5290
    4659 1000.000   4.659    691    983.605    214.638     4655
    4331 1000.000   4.331    718    952.780    230.894     4327
    6773 1000.000   6.773    683    994.225    147.645     6769
    6071 1000.000   6.071    704    972.359    164.718     6068
    5516 1000.000   5.516    699    983.119    181.291     5515
    5241 1000.000   5.241    668   1035.685    190.803     5240
    4358 1000.000   4.358    646   1046.680    229.463     4356
    5362 1000.000   5.362    704    987.970    186.498     5360
    6076 1000.000   6.076    717    979.772    164.582     6075
    6669 1000.000   6.669    666   1062.015    149.948     6666
    5330 1000.000   5.330    701    965.489    187.617     5327
    6050 1000.000   6.050    667   1015.250    165.289     6048
    4590 1000.000   4.590    673   1017.620    217.865     4590
    5524 1000.000   5.524    677    972.901    181.028     5523
    5078 1000.000   5.078    726    972.222    196.928     5075
    4239 1000.000   4.239    690    998.425    235.905     4238
    5631 1000.000   5.631    679    995.570    177.588     5628
    6196 1000.000   6.196    689   1017.817    161.394     6194
    6464 1000.000   6.464    675   1036.139    154.703     6461
    6061 1000.000   6.061    679   1019.807    164.989     6057
    6358 1000.000   6.358    678   1042.830    157.282     6355
    8378 1000.000   8.378    701   1067.427    119.360     8375
    4442 1000.000   4.442    660   1010.336    225.124     4440
    6685 1000.000   6.685    716   1025.650    149.589     6678
    6818 1000.000   6.818    691   1006.128    146.671     6814
    4909 1000.000   4.909    721    972.502    203.707     4906
    5120 1000.000   5.120    684   1020.203    195.312     5116
    5416 1000.000   5.416    685    984.073    184.638     5413
    5405 1000.000   5.405    710    984.328    185.014     5404
    8711 1000.000   8.711    703   1044.874    114.797     8707
    6662 1000.000   6.662    673    984.047    150.105     6660
    6236 1000.000   6.236    706   1017.565    160.359     6236
    4974 1000.000   4.974    719    959.932    201.045     4973
    5633 1000.000   5.633    712    994.561    177.525     5633
    6389 1000.000   6.389    674   1009.257    156.519     6385
    4354 1000.000   4.354    674   1002.408    229.674     4350
    5728 1000.000   5.728    684   1029.148    174.581     5724
    5634 1000.000   5.634    655    984.588    177.494     5634
    8503 1000.000   8.503    679   1059.252    117.606     8503
    6261 1000.000   6.261    719    978.477    159.719     6261
    5000 1000.000   5.000    661   1013.992    200.000     4996
    4231 1000.000   4.231    681   1004.701    236.351     4227
    5116 1000.000   5.116    682    988.525    195.465     5114
    4451 1000.000   4.451    726    952.894    224.669     4450
    5649 1000.000   5.649    684    988.540    177.022     5649
    5213 1000.000   5.213    717   1019.344    191.828     5212
    5205 1000.000   5.205    690   1005.365    192.123     5136
    6205 1000.000   6.205    682   1015.603    161.160     6198
    5782 1000.000   5.782    697   1023.899    172.951     5780
    4871 1000.000   4.871    682   1007.021    205.297     4870
    4792 1000.000   4.792    676    973.125    208.681     4791
    4876 1000.000   4.876    716    953.778    205.086     4871
    4508 1000.000   4.508    686    996.717    221.828     4504
    4532 1000.000   4.532    713    981.366    220.653     4529
    6864 1000.000   6.864    714    944.382    145.688     6864
    4591 1000.000   4.591    704    986.979    217.817     4589
    5214 1000.000   5.214    727    961.589    191.791     5211
    5185 1000.000   5.185    683   1005.225    192.864     5182
    7131 1000.000   7.131    704    976.505    140.233     7127
    4487 1000.000   4.487    698   1010.003    222.866     4480
    5991 1000.000   5.991    671   1073.687    166.917     5988
    4918 1000.000   4.918    681   1027.709    203.335     4917
invite          equal           one              1000  1000000 0.000000    5    5  0.10    5  12545
    5021 1000.000   5.021    709    989.532    199.164     5021
    4051 1000.000   4.051    708    967.338    246.853     4051
    5026 1000.000   5.026    666   1040.883    198.965     5026
    4289 1000.000   4.289    758    935.438    233.155     4289
    5555 1000.000   5.555    721    962.646    180.018     5555
    7662 1000.000   7.662    658   1029.055    130.514     7662
    5560 1000.000   5.560    719    977.513    179.856     5560
    7499 1000.000   7.499    698    984.608    133.351     7499
    7445 1000.000   7.445    662   1029.259    134.318     7445
    9394 1000.000   9.394    681   1017.990    106.451     9394
    5460 1000.000   5.460    691   1004.590    183.150     5460
    4902 1000.000   4.902    724   1002.314    203.998     4902
    4337 1000.000   4.337    698   1001.341    230.574     4337
    5351 1000.000   5.351    662   1026.595    186.881     5351
    4964 1000.000   4.964    692    984.653    201.450     4964
    5850 1000.000   5.850    706    980.804    170.940     5850
    4149 1000.000   4.149    728    995.059    241.022     4149
    5005 1000.000   5.005    732    960.895    199.800     5005
    5804 1000.000   5.804    670   1028.234    172.295     5804
    5630 1000.000   5.630    700    982.218    177.620     5630
    7508 1000.000   7.508    686   1009.726    133.191     7508
    5875 1000.000   5.875    679    966.053    170.213     5875
    4753 1000.000   4.753    660   1021.360    210.393     4753
    4923 1000.000   4.923    653   1012.377    203.128     4923
    4117 1000.000   4.117    687    994.316    242.895     4117
    5357 1000.000   5.357    700    969.529    186.672     5357
    5060 1000.000   5.060    676   1035.225    197.628     5060
    6047 1000.000   6.047    673   1041.307    165.371     6047
    4776 1000.000   4.776    647   1027.209    209.380     4776
    6097 1000.000   6.097    717    975.458    164.015     6097
    5738 1000.000   5.738    672   1061.934    174.277     5738
    6673 1000.000   6.673    684   1011.531    149.858     6673
    5062 1000.000   5.062    677   1039.895    197.550     5062
    5613 1000.000   5.613    684   1010.912    178.158     5613
    5880 1000.000   5.880    641   1011.189    170.068     5880
    8494 1000.000   8.494    670   1022.835    117.730     8494
    4455 1000.000   4.455    699    971.524    224.467     4455
    5614 1000.000   5.614    698    991.520    178.126     5614
    5555 1000.000   5.555    672   1013.780    180.018     5555
    5556 1000.000   5.556    693    959.509    179.986     5556
    4395 1000.000   4.395    717    992.744    227.531     4395
    6308 1000.000   6.308    698   1027.628    158.529     6308
    5255 1000.000   5.255    690    990.316    190.295     5255
    5570 1000.000   5.570    694   1017.263    179.533     5570
    5531 1000.000   5.531    695    974.018    180.799     5531
    5804 1000.000   5.804    693    994.018    172.295     5804
    5985 1000.000   5.985    688   1005.237    167.084     5985
    5795 1000.000   5.795    654   1060.984    172.563     5795
    5984 1000.000   5.984    709    972.344    167.112     5984
    4565 1000.000   4.565    678   1016.310    219.058     4565
    4245 1000.000   4.245    697    996.632    235.571     4245
    4655 1000.000   4.655    721    984.501    214.823     4655
    6073 1000.000   6.073    710    982.633    164.663     6073
    6682 1000.000   6.682    661   1046.089    149.656     6682
    4731 1000.000   4.731    683   1028.034    211.372     4731
    5067 1000.000   5.067    689   1003.527    197.355     5067
    8295 1000.000   8.295    646   1046.145    120.555     8295
    4282 1000.000   4.282    724    917.062    233.536     4282
    4844 1000.000   4.844    689    987.603    206.441     4844
    5260 1000.000   5.260    709    995.668    190.114     5260
    6745 1000.000   6.745    686   1027.258    148.258     6745
    4888 1000.000   4.888    676   1015.526    204.583     4888
    5290 1000.000   5.290    751    937.650    189.036     5290
    5149 1000.000   5.149    680    991.839    194.212     5149
    5289 1000.000   5.289    660   1015.367    189.072     5289
    5564 1000.000   5.564    715    997.402    179.727     5564
    7120 1000.000   7.120    731   1007.955    140.449     7120
    5650 1000.000   5.650    741    946.853    176.991     5650
    6124 1000.000   6.124    652   1024.967    163.292     6124
    5463 1000.000   5.463    708    994.970    183.050     5463
    6159 1000.000   6.159    683    989.814    162.364     6159
    5581 1000.000   5.581    675    984.819    179.179     5581
    6003 1000.000   6.003    718    991.528    166.583     6003
    4854 1000.000   4.854    712    975.986    206.016     4854
    5268 1000.000   5.268    713    981.037    189.825     5268
    6401 1000.000   6.401    709   1033.006    156.226     6401
    5328 1000.000   5.328    684   1023.271    187.688     5328
    4418 1000.000   4.418    703    966.082    226.347     4418
    5198 1000.000   5.198    715    951.960    192.382     5198
    4717 1000.000   4.717    689    988.027    211.999     4717
    5839 1000.000   5.839    718    982.740    171.262     5839
    4283 1000.000   4.283    694    981.079    233.481     4283
    4896 1000.000   4.896    709    981.118    204.248     4896
    5647 1000.000   5.647    707    991.479    177.085     5647
    5107 1000.000   5.107    706    983.436    195.810     5107
    5812 1000.000   5.812    686    993.092    172.058     5812
    5973 1000.000   5.973    692   1015.229    167.420     5973
    6680 1000.000   6.680    678   1033.107    149.701     6680
    7091 1000.000   7.091    664   1019.689    141.024     7091
    5078 1000.000   5.078    685    998.934    196.928     5078
    4914 1000.000   4.914    703    992.221    203.500     4914
    4797 1000.000   4.797    688    968.594    208.464     4797
    7464 1000.000   7.464    681    985.661    133.976     7464
    4916 1000.000   4.916    706    985.393    203.417     4916
    6706 1000.000   6.706    674   1035.217    149.120     6706
    4155 1000.000   4.155    660    951.417    240.674     4155
    4575 1000.000   4.575    669    969.446    218.579     4575
    4423 1000.000   4.423    671    988.040    226.091     4423
    4370 1000.000   4.370    738    944.399    228.833     4370
    4527 1000.000   4.527    704    965.680    220.897     4527
invite          equal           one              1000  1000000 0.000000    5    5  0.10   10  12645
    5337 1000.000   5.337    720    980.306    187.371     5337
    7167 1000.000   7.167    696    979.756    139.528     7167
    4623 1000.000   4.623    708    961.867    216.310     4623
    5905 1000.000   5.905    706    954.874    169.348     5905
    4714 1000.000   4.714    708    975.652    212.134     4714
    4897 1000.000   4.897    702    960.439    204.207     4897
    5036 1000.000   5.036    694   1011.398    198.570     5036
    5239 1000.000   5.239    690    992.779    190.876     5239
    4236 1000.000   4.236    692    982.492    236.072     4236
    5134 1000.000   5.134    707   1016.351    194.780     5134
    5784 1000.000   5.784    675   1022.309    172.891     5784
    5864 1000.000   5.864    699   1000.599    170.532     5864
    6209 1000.000   6.209    674   1015.275    161.057     6209
    5374 1000.000   5.374    703    970.223    186.081     5374
    5838 1000.000   5.838    702    951.292    171.292     5838
    4694 1000.000   4.694    687   1006.728    213.038     4694
    4873 1000.000   4.873    670   1015.184    205.212     4873
    5538 1000.000   5.538    669   1039.579    180.571     5538
    5743 1000.000   5.743    694    992.460    174.125     5743
    5967 1000.000   5.967    686   1013.854    167.588     5967
    7241 1000.000   7.241    736    963.228    138.102     7241
    6850 1000.000   6.850    694    974.528    145.985     6850
    5620 1000.000   5.620    667    985.372    177.936     5620
    4937 1000.000   4.937    713   1000.916    202.552     4937
    6328 1000.000   6.328    682   1032.229    158.028     6328
    4379 1000.000   4.379    693   1001.634    228.363     4379
    5669 1000.000   5.669    686   1036.911    176.398     5669
    6224 1000.000   6.224    727    994.519    160.668     6224
    6526 1000.000   6.526    669    988.458    153.233     6526
    5938 1000.000   5.938    688   1000.960    168.407     5938
    5688 1000.000   5.688    679   1027.228    175.809     5688
    5720 1000.000   5.720    665   1056.179    174.825     5720
    6988 1000.000   6.988    647   1088.701    143.102     6988
    4766 1000.000   4.766    691   1008.939    209.820     4766
    5294 1000.000   5.294    675   1011.977    188.893     5294
    4891 1000.000   4.891    660    975.058    204.457     4891
    6234 1000.000   6.234    666   1083.904    160.411     6234
    6988 1000.000   6.988    725    981.808    143.102     6988
    5399 1000.000   5.399    696   1014.760    185.219     5399
    6033 1000.000   6.033    697    979.508    165.755     6033
    6183 1000.000   6.183    715   1000.204    161.734     6183
    4517 1000.000   4.517    692   1028.880    221.386     4517
    5530 1000.000   5.530    712    965.803    180.832     5530
    6517 1000.000   6.517    674   1000.580    153.445     6517
    4541 1000.000   4.541    698    959.109    220.216     4541
    5447 1000.000   5.447    687    978.022    183.587     5447
    4575 1000.000   4.575    661    994.845    218.579     4575
    5545 1000.000   5.545    734    979.341    180.343     5545
    5251 1000.000   5.251    671    969.751    190.440     5251
    5555 1000.000   5.555    736    943.831    180.018     5555
    5303 1000.000   5.303    731   1031.165    188.573     5303
    5571 1000.000   5.571    653   1051.565    179.501     5571
    4776 1000.000   4.776    685   1002.562    209.380     4776
    4407 1000.000   4.407    681   1010.565    226.912     4407
    4768 1000.000   4.768    701   1013.395    209.732     4768
    4368 1000.000   4.368    695    996.340    228.938     4368
    6081 1000.000   6.081    692    947.347    164.447     6081
    5332 1000.000   5.332    663   1035.028    187.547     5332
    5682 1000.000   5.682    731    989.840    175.994     5682
    5627 1000.000   5.627    704   1017.042    177.715     5627
    5084 1000.000   5.084    671   1017.721    196.696     5084
    7291 1000.000   7.291    686   1032.083    137.155     7291
    5424 1000.000   5.424    744    948.148    184.366     5424
    6156 1000.000   6.156    713    962.334    162.443     6156
    5500 1000.000   5.500    734    968.133    181.818     5500
    4833 1000.000   4.833    712    982.259    206.911     4833
    4613 1000.000   4.613    673   1010.058    216.779     4613
    7624 1000.000   7.624    685   1043.026    131.165     7624
    4806 1000.000   4.806    696    965.613    208.073     4806
    5822 1000.000   5.822    723    977.831    171.762     5822
    5126 1000.000   5.126    728    982.368    195.084     5126
    6710 1000.000   6.710    724    963.471    149.031     6710
    5304 1000.000   5.304    666    980.190    188.537     5304
    5530 1000.000   5.530    664    989.859    180.832     5530
    6435 1000.000   6.435    680    970.088    155.400     6435
    4575 1000.000   4.575    697    983.082    218.579     4575
    7194 1000.000   7.194    619   1150.255    139.005     7194
    6100 1000.000   6.100    649   1082.440    163.934     6100
    4159 1000.000   4.159    696    915.118    240.442     4159
    4696 1000.000   4.696    724    929.326    212.947     4696
    6275 1000.000   6.275    670    979.910    159.363     6275
    6176 1000.000   6.176    653   1044.342    161.917     6176
    5290 1000.000   5.290    672    995.537    189.036     5290
    6032 1000.000   6.032    685   1013.682    165.782     6032
    6581 1000.000   6.581    673   1025.071    151.953     6581
    4245 1000.000   4.245    735    899.431    235.571     4245
    7227 1000.000   7.227    669   1038.888    138.370     7227
    6427 1000.000   6.427    685    991.344    155.594     6427
    5724 1000.000   5.724    679   1035.459    174.703     5724
    5888 1000.000   5.888    678    995.549    169.837     5888
    6282 1000.000   6.282    696   1027.581    159.185     6282
    4975 1000.000   4.975    695    981.051    201.005     4975
    7293 1000.000   7.293    727   1017.282    137.118     7293
    4067 1000.000   4.067    763    938.289    245.881     4067
    5718 1000.000   5.718    715   1016.032    174.886     5718
    4521 1000.000   4.521    689    987.984    221.190     4521
    4841 1000.000   4.841    671   1037.362    206.569     4841
    4777 1000.000   4.777    715    937.971    209.336     4777
    8108 1000.000   8.108    690    998.414    123.335     8108
    9086 1000.000   9.086    693   1009.330    110.059     9086
invite          equal           one              1000  1000000 0.000000    5    5  0.25    5  12745
    4127 1000.000   4.127    675    987.531    242.307     4127
    5941 1000.000   5.941    730   1015.717    168.322     5941
    3839 1000.000   3.839    710    944.072    260.485     3839
    5741 1000.000   5.741    636   1077.635    174.186     5741
    4949 1000.000   4.949    692    992.888    202.061     4949
    6379 1000.000   6.379    671   1034.369    156.764     6379
    5165 1000.000   5.165    703   1059.494    193.611     5165
    5699 1000.000   5.699    660   1036.097    175.469     5699
    4756 1000.000   4.756    688    986.841    210.261     4756
    5802 1000.000   5.802    692    998.016    172.354     5802
    5408 1000.000   5.408    706    996.350    184.911     5408
    4843 1000.000   4.843    690   1019.069    206.484     4843
    7447 1000.000   7.447    676   1002.838    134.282     7447
    6331 1000.000   6.331    667   1041.290    157.953     6331
    5080 1000.000   5.080    684    998.738    196.850     5080
    5681 1000.000   5.681    675   1012.746    176.025     5681
    5981 1000.000   5.981    683   1006.942    167.196     5981
   10547 1000.000  10.547    676   1049.364     94.814    10547
    5105 1000.000   5.105    723    973.677    195.886     5105
    5185 1000.000   5.185    699    992.568    192.864     5185
    6482 1000.000   6.482    708    994.422    154.273     6482
    4676 1000.000   4.676    683    996.814    213.858     4676
    5208 1000.000   5.208    714    959.850    192.012     5208
    5007 1000.000   5.007    663   1026.805    199.720     5007
    4713 1000.000   4.713    715    990.724    212.179     4713
    4396 1000.000   4.396    680   1003.318    227.480     4396
    7005 1000.000   7.005    698    980.255    142.755     7005
    4897 1000.000   4.897    686    990.476    204.207     4897
    4240 1000.000   4.240    685    979.413    235.849     4240
    5258 1000.000   5.258    669   1030.527    190.186     5258
    4824 1000.000   4.824    674   1011.115    207.297     4824
    6604 1000.000   6.604    689   1030.054    151.423     6604
    5461 1000.000   5.461    728    962.319    183.117     5461
    4096 1000.000   4.096    690    988.208    244.141     4096
    5481 1000.000   5.481    711    989.662    182.448     5481
    6431 1000.000   6.431    718   1015.788    155.497     6431
    5220 1000.000   5.220    706    970.162    191.571     5220
    4734 1000.000   4.734    696    998.920    211.238     4734
    5088 1000.000   5.088    687   1007.425    196.541     5088
    7034 1000.000   7.034    717   1023.364    142.167     7034
    5320 1000.000   5.320    726    959.922    187.970     5320
    4164 1000.000   4.164    696    964.208    240.154     4164
    6048 1000.000   6.048    691   1021.674    165.344     6048
    6666 1000.000   6.666    659    982.482    150.015     6666
    6009 1000.000   6.009    640   1027.316    166.417     6009
    5360 1000.000   5.360    698    974.225    186.567     5360
    7847 1000.000   7.847    691    993.333    127.437     7847
    5910 1000.000   5.910    721    951.743    169.205     5910
    6254 1000.000   6.254    684   1019.405    159.898     6254
    4761 1000.000   4.761    677   1015.280    210.040     4761
    6578 1000.000   6.578    637    987.009    152.022     6578
    4756 1000.000   4.756    692   1005.233    210.261     4756
    6500 1000.000   6.500    698   1007.249    153.846     6500
    6521 1000.000   6.521    706    986.515    153.351     6521
    7616 1000.000   7.616    677    998.223    131.303     7616
    4921 1000.000   4.921    667   1004.661    203.211     4921
    3605 1000.000   3.605    703    985.657    277.393     3605
   10600 1000.000  10.600    654   1098.451     94.340    10600
    6414 1000.000   6.414    701   1019.342    155.909     6414
    8005 1000.000   8.005    694    968.944    124.922     8005
    5841 1000.000   5.841    638   1042.325    171.204     5841
    4821 1000.000   4.821    681   1020.791    207.426     4821
    6304 1000.000   6.304    718    994.041    158.629     6304
    5818 1000.000   5.818    709    973.244    171.880     5818
    6807 1000.000   6.807    690   1025.933    146.908     6807
    5597 1000.000   5.597    697    982.858    178.667     5597
    4206 1000.000   4.206    650    997.196    237.756     4206
    5143 1000.000   5.143    710    957.356    194.439     5143
    9032 1000.000   9.032    692   1003.272    110.717     9032
    5631 1000.000   5.631    699    990.312    177.588     5631
    5273 1000.000   5.273    719   1004.736    189.645     5273
    5289 1000.000   5.289    731    967.609    189.072     5289
    5333 1000.000   5.333    698   1006.496    187.512     5333
   10270 1000.000  10.270    674   1151.268     97.371    10270
    6031 1000.000   6.031    692   1038.198    165.810     6031
    5304 1000.000   5.304    663   1014.544    188.537     5304
    4305 1000.000   4.305    699    951.044    232.288     4305
    5512 1000.000   5.512    724    964.517    181.422     5512
    4809 1000.000   4.809    697    964.621    207.943     4809
    5073 1000.000   5.073    752    943.668    197.122     5073
    6206 1000.000   6.206    723    984.848    161.134     6206
    6792 1000.000   6.792    725    982.075    147.232     6792
    5967 1000.000   5.967    645   1004.242    167.588     5967
    5212 1000.000   5.212    697   1018.985    191.865     5212
    6391 1000.000   6.391    689   1037.688    156.470     6391
    4639 1000.000   4.639    666   1009.715    215.564     4639
    5004 1000.000   5.004    716    985.660    199.840     5004
    4519 1000.000   4.519    712    993.468    221.288     4519
    5487 1000.000   5.487    715    961.675    182.249     5487
    6066 1000.000   6.066    690   1015.201    164.853     6066
    5764 1000.000   5.764    683   1009.051    173.491     5764
    5418 1000.000   5.418    677   1019.646    184.570     5418
    6510 1000.000   6.510    707    985.864    153.610     6510
    5469 1000.000   5.469    708    985.637    182.849     5469
    7509 1000.000   7.509    642   1053.881    133.174     7509
    4927 1000.000   4.927    702    956.817    202.963     4927
    6466 1000.000   6.466    707    996.972    154.655     6466
    7152 1000.000   7.152    727   1000.588    139.821     7152
    4933 1000.000   4.933    735    991.559    202.716     4933
