neighbors       equal           one               100    10000 0.000000    5    5  0.00    5  12345
     394  100.000   3.940     74     94.129     25.381      393
     318  100.000   3.180     80     84.779     31.447      316
     389  100.000   3.890     70     95.437     25.707      388
     330  100.000   3.300     79     80.126     30.303      328
     527  100.000   5.270     60    111.313     18.975      527
     338  100.000   3.380     60    113.779     29.586      327
     467  100.000   4.670     73     90.933     21.413      467
     378  100.000   3.780     66     98.347     26.455      369
     460  100.000   4.600     72    107.531     21.739      452
     445  100.000   4.450     60    103.252     22.472      445
     410  100.000   4.100     71    100.305     24.390      408
     312  100.000   3.120     72     90.777     32.051      312
     489  100.000   4.890     69    103.534     20.450      472
     370  100.000   3.700     80     83.688     27.027      362
     356  100.000   3.560     76     89.310     28.090      356
     500  100.000   5.000     66    105.264     20.000      499
