invite          equal           one              1000   100000 0.000100    5    5  0.00   10  13645    1158.41  100.000  11.584     68.840    100.854     169.35   583.87
invite          equal           one              1000   100000 0.000100    5    5  0.10    5  13745    5645.14  100.000  56.451     68.920    100.088     103.22   531.28
invite          equal           one              1000   100000 0.000100    5    5  0.10   10  13845    9009.64  100.000  90.096     68.840    100.486      95.70   516.65
invite          equal           one              1000   100000 0.000100    5    5  0.25    5  13945    8385.79  100.000  83.858     68.830    100.450      67.12   534.91
invite          equal           one              1000   100000 0.000100    5    5  0.25   10  14045    8220.72  100.000  82.207     69.640     99.806      84.94   519.32
invite          equal           one              1000   100000 0.000100    5   10  0.00    5  14145     559.15  100.000   5.591     69.060    100.488     185.16   555.29
invite          equal           one              1000   100000 0.000100    5   10  0.00   10  14245    1086.74  100.000  10.867     68.690    100.945     172.22   568.87
invite          equal           one              1000   100000 0.000100    5   10  0.10    5  14345    8683.93  100.000  86.839     68.750    100.657     102.01   514.39
invite          equal           one              1000   100000 0.000100    5   10  0.10   10  14445    6804.77  100.000  68.048     69.240    100.396     108.33   517.06
invite          equal           one              1000   100000 0.000100    5   10  0.25    5  14545    6552.12  100.000  65.521     68.930    100.867      91.83   546.81
invite          equal           one              1000   100000 0.000100    5   10  0.25   10  14645    8910.61  100.000  89.106     69.320    100.321      79.64   524.23
invite          equal           one              1000   100000 0.001000    5    5  0.00    5  14745     755.72  100.000   7.557     69.250    100.423     187.69   438.48
invite          equal           one              1000   100000 0.001000    5    5  0.00   10  14845   10014.55  100.000 100.145     69.810     99.887     193.03   431.53
invite          equal           one              1000   100000 0.001000    5    5  0.10    5  14945    1095.78  100.000  10.958     69.320    100.329     111.62   420.95
invite          equal           one              1000   100000 0.001000    5    5  0.10   10  15045    1190.31  100.000  11.903     69.130    100.387     103.29   416.53
invite          equal           one              1000   100000 0.001000    5    5  0.25    5  15145     922.05  100.000   9.220     68.990    100.430     122.59   443.75
invite          equal           one              1000   100000 0.001000    5    5  0.25   10  15245     886.54  100.000   8.865     69.020    100.192     133.87   440.40
invite          equal           one              1000   100000 0.001000    5   10  0.00    5  15345    1400.96  100.000  14.010     69.240    100.408     189.30   427.67
invite          equal           one              1000   100000 0.001000    5   10  0.00   10  15445     719.35  100.000   7.194     69.300    100.509     195.18   426.65
invite          equal           one              1000   100000 0.001000    5   10  0.10    5  15545    1044.78  100.000  10.448     69.110     99.965     115.20   427.45
invite          equal           one              1000   100000 0.001000    5   10  0.10   10  15645    1117.23  100.000  11.172     69.280    100.526     117.55   431.89
invite          equal           one              1000   100000 0.001000    5   10  0.25    5  15745     987.85  100.000   9.879     69.070    100.338     119.01   439.65
invite          equal           one              1000   100000 0.001000    5   10  0.25   10  15845     900.48  100.000   9.005     69.490     99.881     127.80   432.05
invite          equal           one              1000   100000 0.010000    5    5  0.00    5  15945    2107.38  100.000  21.074     69.150    100.201     311.83   229.44
invite          equal           one              1000   100000 0.010000    5    5  0.00   10  16045     327.37  100.000   3.274     69.120    100.188     335.33   231.28
invite          equal           one              1000   100000 0.010000    5    5  0.10    5  16145     256.34  100.000   2.563     69.500     99.633     392.48   241.91
invite          equal           one              1000   100000 0.010000    5    5  0.10   10  16245     248.97  100.000   2.490     68.610    100.655     403.48   239.02
invite          equal           one              1000   100000 0.010000    5    5  0.25    5  16345     233.91  100.000   2.339     68.920    100.820     428.81   231.57
invite          equal           one              1000   100000 0.010000    5    5  0.25   10  16445     228.36  100.000   2.284     68.930    100.920     438.89   227.60
invite          equal           one              1000   100000 0.010000    5   10  0.00    5  16545     464.05  100.000   4.641     69.040     99.964     316.42   227.03
invite          equal           one              1000   100000 0.010000    5   10  0.00   10  16645     333.66  100.000   3.337     68.950    100.369     326.72   227.43
invite          equal           one              1000   100000 0.010000    5   10  0.10    5  16745     258.54  100.000   2.585     69.370    100.033     389.55   242.58
invite          equal           one              1000   100000 0.010000    5   10  0.10   10  16845     249.30  100.000   2.493     69.010    100.179     403.41   240.70
invite          equal           one              1000   100000 0.010000    5   10  0.25    5  16945     233.49  100.000   2.335     69.000    100.251     429.26   232.91
invite          equal           one              1000   100000 0.010000    5   10  0.25   10  17045     228.00  100.000   2.280     69.150    100.681     440.30   226.41
invite          equal           perStrength      1000   100000 0.000000    5    5  0.00    5  17145     116.45   20.000   5.822     69.110     99.750     889.87   565.48
invite          equal           perStrength      1000   100000 0.000000    5    5  0.00   10  17245     114.88   20.000   5.744     69.100    100.074     899.75   556.63
invite          equal           perStrength      1000   100000 0.000000    5    5  0.10    5  17345     116.24   20.000   5.812     68.950    100.608     886.24   574.04
invite          equal           perStrength      1000   100000 0.000000    5    5  0.10   10  17445     113.55   20.000   5.678     68.910    100.367     901.39   560.13
invite          equal           perStrength      1000   100000 0.000000    5    5  0.25    5  17545     114.77   20.000   5.739     68.940    100.277     895.60   571.96
invite          equal           perStrength      1000   100000 0.000000    5    5  0.25   10  17645     114.60   20.000   5.730     69.120    100.721     895.98   570.39
invite          equal           perStrength      1000   100000 0.000000    5   10  0.00    5  17745      58.36   10.000   5.836     69.360    100.148    1770.29   548.59
invite          equal           perStrength      1000   100000 0.000000    5   10  0.00   10  17845      57.62   10.000   5.762     69.120    100.493    1796.74   543.17
invite          equal           perStrength      1000   100000 0.000000    5   10  0.10    5  17945      59.77   10.000   5.977     69.250    100.589    1720.44   573.56
invite          equal           perStrength      1000   100000 0.000000    5   10  0.10   10  18045      57.52   10.000   5.752     68.990    100.152    1795.01   552.29
invite          equal           perStrength      1000   100000 0.000000    5   10  0.25    5  18145      59.79   10.000   5.979     68.970    100.831    1727.47   586.24
invite          equal           perStrength      1000   100000 0.000000    5   10  0.25   10  18245      58.77   10.000   5.877     69.190     99.951    1757.54   578.03
invite          equal           perStrength      1000   100000 0.000100    5    5  0.00    5  18345     826.69   20.000  41.335     68.700    100.807     888.92   541.43
invite          equal           perStrength      1000   100000 0.000100    5    5  0.00   10  18445     332.00   20.000  16.600     69.230    100.289     888.69   542.91
invite          equal           perStrength      1000   100000 0.000100    5    5  0.10    5  18545    3672.63   20.000 183.632     69.340    100.426     780.69   534.45
invite          equal           perStrength      1000   100000 0.000100    5    5  0.10   10  18645   10748.57   20.000 537.428     68.840    100.592     681.92   536.59
