neighbors       randomUniform   one              1000   100000 0.010000    5    5  0.00    5  25545     298.31  100.000   2.983     68.980    100.627     337.56   214.51
neighbors       randomUniform   one              1000   100000 0.010000    5    5  0.00   10  25645     296.23  100.000   2.962     68.930    100.931     339.31   216.07
neighbors       randomUniform   one              1000   100000 0.010000    5    5  0.10    5  25745     295.29  100.000   2.953     69.500     99.578     340.92   216.01
neighbors       randomUniform   one              1000   100000 0.010000    5    5  0.10   10  25845     290.66  100.000   2.907     69.070    100.109     346.01   212.64
neighbors       randomUniform   one              1000   100000 0.010000    5    5  0.25    5  25945     296.66  100.000   2.967     69.090    100.518     339.51   214.18
neighbors       randomUniform   one              1000   100000 0.010000    5    5  0.25   10  26045     293.46  100.000   2.935     69.300    100.356     343.10   218.83
neighbors       randomUniform   one              1000   100000 0.010000    5   10  0.00    5  26145     298.88  100.000   2.989     68.960    100.390     336.42   212.40
neighbors       randomUniform   one              1000   100000 0.010000    5   10  0.00   10  26245     299.22  100.000   2.992     69.070    100.220     336.52   210.85
neighbors       randomUniform   one              1000   100000 0.010000    5   10  0.10    5  26345     294.54  100.000   2.945     69.540    100.148     342.00   213.28
neighbors       randomUniform   one              1000   100000 0.010000    5   10  0.10   10  26445     294.08  100.000   2.941     69.180    100.127     342.17   214.59
neighbors       randomUniform   one              1000   100000 0.010000    5   10  0.25    5  26545     293.14  100.000   2.931     69.350    100.158     343.09   215.45
neighbors       randomUniform   one              1000   100000 0.010000    5   10  0.25   10  26645     299.42  100.000   2.994     69.320     99.954     336.46   210.64
neighbors       randomUniform   perStrength      1000   100000 0.000000    5    5  0.00    5  26745     319.31   33.299   9.589     69.100    100.617     325.20   595.44
neighbors       randomUniform   perStrength      1000   100000 0.000000    5    5  0.00   10  26845     313.85   33.290   9.428     68.710    100.935     328.43   578.34
neighbors       randomUniform   perStrength      1000   100000 0.000000    5    5  0.10    5  26945     344.22   33.417  10.301     69.230     99.951     302.17   569.74
neighbors       randomUniform   perStrength      1000   100000 0.000000    5    5  0.10   10  27045     309.02   33.293   9.282     69.150    100.149     332.30   561.34
neighbors       randomUniform   perStrength      1000   100000 0.000000    5    5  0.25    5  27145     350.14   33.364  10.494     69.030    100.240     298.47   581.36
neighbors       randomUniform   perStrength      1000   100000 0.000000    5    5  0.25   10  27245     314.49   33.347   9.431     68.990    100.532     327.74   569.59
neighbors       randomUniform   perStrength      1000   100000 0.000000    5   10  0.00    5  27345     267.90   18.213  14.709     69.340    100.428     395.55   611.56
neighbors       randomUniform   perStrength      1000   100000 0.000000    5   10  0.00   10  27445     227.77   18.194  12.519     69.070    100.206     457.32   582.79
neighbors       randomUniform   perStrength      1000   100000 0.000000    5   10  0.10    5  27545     263.83   18.159  14.529     69.000    100.323     399.29   605.86
neighbors       randomUniform   perStrength      1000   100000 0.000000    5   10  0.10   10  27645     233.76   18.208  12.838     69.520     99.995     443.40   591.45
neighbors       randomUniform   perStrength      1000   100000 0.000000    5   10  0.25    5  27745     289.56   18.188  15.920     69.540    100.267     367.51   587.87
neighbors       randomUniform   perStrength      1000   100000 0.000000    5   10  0.25   10  27845     250.71   18.136  13.824     69.360     99.920     415.00   593.71
neighbors       randomUniform   perStrength      1000   100000 0.000100    5    5  0.00    5  27945     317.40   33.328   9.523     69.040    100.424     329.61   590.57
neighbors       randomUniform   perStrength      1000   100000 0.000100    5    5  0.00   10  28045     300.29   33.322   9.012     69.190    100.227     343.67   573.43
neighbors       randomUniform   perStrength      1000   100000 0.000100    5    5  0.10    5  28145     330.89   33.396   9.908     69.150     99.961     312.92   572.58
neighbors       randomUniform   perStrength      1000   100000 0.000100    5    5  0.10   10  28245     304.16   33.272   9.141     68.990    100.502     336.73   566.02
neighbors       randomUniform   perStrength      1000   100000 0.000100    5    5  0.25    5  28345     333.47   33.329  10.005     69.120    100.356     309.37   573.73
neighbors       randomUniform   perStrength      1000   100000 0.000100    5    5  0.25   10  28445     307.21   33.331   9.217     69.160    100.465     334.72   557.45
neighbors       randomUniform   perStrength      1000   100000 0.000100    5   10  0.00    5  28545     252.07   18.172  13.871     69.360     99.924     423.81   591.61
neighbors       randomUniform   perStrength      1000   100000 0.000100    5   10  0.00   10  28645     234.73   18.231  12.875     68.870    100.537     444.56   593.96
neighbors       randomUniform   perStrength      1000   100000 0.000100    5   10  0.10    5  28745     256.31   18.173  14.104     69.110    100.653     411.64   599.02
neighbors       randomUniform   perStrength      1000   100000 0.000100    5   10  0.10   10  28845     243.25   18.211  13.358     69.290    100.338     429.69   587.40
neighbors       randomUniform   perStrength      1000   100000 0.000100    5   10  0.25    5  28945     274.74   18.145  15.142     69.070    100.025     383.20   594.46
neighbors       randomUniform   perStrength      1000   100000 0.000100    5   10  0.25   10  29045     255.58   18.204  14.040     69.430     99.952     406.71   583.05
neighbors       randomUniform   perStrength      1000   100000 0.001000    5    5  0.00    5  29145     283.37   33.289   8.513     69.210    100.335     364.18   531.29
neighbors       randomUniform   perStrength      1000   100000 0.001000    5    5  0.00   10  29245     268.14   33.396   8.029     69.040    100.042     382.81   515.61
neighbors       randomUniform   perStrength      1000   100000 0.001000    5    5  0.10    5  29345     281.88   33.377   8.445     69.500     99.916     365.11   514.10
neighbors       randomUniform   perStrength      1000   100000 0.001000    5    5  0.10   10  29445     264.46   33.406   7.917     69.460    100.026     388.33   506.66
neighbors       randomUniform   perStrength      1000   100000 0.001000    5    5  0.25    5  29545     293.65   33.315   8.814     68.920    100.428     350.62   517.70
neighbors       randomUniform   perStrength      1000   100000 0.001000    5    5  0.25   10  29645     269.80   33.305   8.101     69.490     99.979     380.64   507.96
neighbors       randomUniform   perStrength      1000   100000 0.001000    5   10  0.00    5  29745     229.56   18.191  12.619     69.210    100.082     452.65   548.51
neighbors       randomUniform   perStrength      1000   100000 0.001000    5   10  0.00   10  29845     206.29   18.207  11.330     69.370    100.002     505.29   565.40
neighbors       randomUniform   perStrength      1000   100000 0.001000    5   10  0.10    5  29945     234.47   18.190  12.890     68.990    100.521     446.86   554.03
neighbors       randomUniform   perStrength      1000   100000 0.001000    5   10  0.10   10  30045     214.00   18.148  11.792     69.310    100.397     480.02   550.31
neighbors       randomUniform   perStrength      1000   100000 0.001000    5   10  0.25    5  30145     237.26   18.204  13.033     68.910    100.847     437.55   552.16
neighbors       randomUniform   perStrength      1000   100000 0.001000    5   10  0.25   10  30245     222.79   18.162  12.267     68.650    100.770     465.73   545.87
neighbors       randomUniform   perStrength      1000   100000 0.010000    5    5  0.00    5  30345     170.68   33.317   5.123     69.350    100.131     594.62   351.76
neighbors       randomUniform   perStrength      1000   100000 0.010000    5    5  0.00   10  30445     171.93   33.330   5.158     68.760    100.380     590.48   347.64
neighbors       randomUniform   perStrength      1000   100000 0.010000    5    5  0.10    5  30545     172.73   33.426   5.168     69.630     99.971     586.08   353.79
neighbors       randomUniform   perStrength      1000   100000 0.010000    5    5  0.10   10  30645     171.18   33.333   5.135     68.590    100.359     591.97   349.25
neighbors       randomUniform   perStrength      1000   100000 0.010000    5    5  0.25    5  30745     169.90   33.329   5.098     69.000    100.642     595.63   349.09
neighbors       randomUniform   perStrength      1000   100000 0.010000    5    5  0.25   10  30845     169.69   33.435   5.075     69.170    100.054     599.00   355.03
neighbors       randomUniform   perStrength      1000   100000 0.010000    5   10  0.00    5  30945     131.29   18.153   7.232     68.880    100.232     775.64   414.74
neighbors       randomUniform   perStrength      1000   100000 0.010000    5   10  0.00   10  31045     131.61   18.201   7.231     69.520    100.393     776.11   413.82
neighbors       randomUniform   perStrength      1000   100000 0.010000    5   10  0.10    5  31145     134.72   18.180   7.410     69.220    100.216     766.88   414.22
neighbors       randomUniform   perStrength      1000   100000 0.010000    5   10  0.10   10  31245     135.50   18.248   7.426     68.910    100.357     752.14   408.15
neighbors       randomUniform   perStrength      1000   100000 0.010000    5   10  0.25    5  31345     137.23   18.190   7.544     69.340    100.492     742.47   399.32
neighbors       randomUniform   perStrength      1000   100000 0.010000    5   10  0.25   10  31445     136.73   18.235   7.498     68.690    100.586     748.13   409.15
